1783.2
1079.28
1144.45
1493.7
1912.66
899.85
7799.99
3899.99
599.45
3125.82
1949.0
1852.95
669.78
1169.85
1044.81
1133.82
1934.22
879.99
1059.99
3398.4
1650.82
1398.0
719.99
2240.82
1311.19
4032.95
1099.99
1069.99
1049.99
3114.02
1301.88
1669.99
3599.27
1190.0
1149.95
3636.0
949.99
1229.02
838.98
799.99
3186.0
849.99
1379.99
3784.26
828.57
1629.99
1079.99
1623.7
2463.56
729.99
869.99
999.0
2829.64
900.0
1007.86
718.56
909.99
1019.99
740.99
896.1
1489.99
1999.0
1819.94
1403.99
851.59
3310.47
727.86
899.99
1699.99
850.15
2549.85
1754.85
2210.14
729.99
869.99
1106.5
908.7
824.85
2004.82
870.0
3338.22
3160.08
1623.7
2549.85
1387.88
749.85
1532.82
3883.2
1761.84
1029.99
942.82
1019.85
3399.0
842.22
2179.99
2099.99
3149.85
3871.82
834.99
4718.82
2546.44
675.0
1818.7
1078.2
854.85
2232.53
799.99
2142.0
689.85
593.0
2299.99
584.85
2122.82
6724.82
862.15
1768.82
1636.7
2419.0
2079.99
1124.85
1959.0
1634.95
1223.82
1694.99
1532.82
1615.42
1099.97
3814.89
3386.6
839.85
1399.99
1532.82
944.85
2232.0
1199.99
1414.82
6134.82
1294.56
1163.51
1818.7
2519.99
1021.86
704.85
1147.86
1274.99
1094.85
2799.99
629.86
1299.99
1079.0
1438.56
1239.99
999.99
885.0
908.21
3224.85
1109.99
1799.99
1449.0
653.95
599.99
959.85
1648.2
2728.7
2533.2
1424.99
2639.85
904.99
3338.22
1414.82
1449.99
1229.11
3925.86
1034.85
2549.85
1648.05
2299.0
1001.83
1827.82
2051.99
2830.82
679.0
734.85
1948.2
1412.46
1049.0
1038.7
894.44
1399.99
1499.85
801.21
733.68
1109.99
734.85
2915.78
908.7
2514.58
2941.96
589.99
909.99
1299.99
2549.85
819.99
2181.82
2549.85
3919.96
2399.85
2449.86
1994.81
899.0
1223.28
1151.28
3060.92
7179.91
809.99
579.99
1242.59
599.99
1532.82
1292.1
1669.99
2682.0
949.99
1949.85
579.99
741.86
3923.95
1577.91
748.07
1469.86
2221.94
762.95
1218.94
1890.0
1149.99
1296.82
699.99
1178.82
5898.82
3892.82
2279.85
1178.82
702.8
2099.85
649.99
1060.82
2889.47
549.99
899.85
3007.82
1694.94
649.99
1359.99
919.99
4686.95
3642.66
3449.85
871.99
1650.82
3726.0
2358.82
1689.0
1049.85
1949.99
854.85
1253.49
1178.82
909.99
819.99
762.95
799.99
1299.99
854.99
899.99
1399.95
712.62
2999.99
1039.3
3586.02
1099.0
3060.0
1638.0
849.99
834.7
1149.99
1246.95
2734.56
4199.85
1499.99
729.99
1650.82
999.99
1785.81
5356.02
1420.17
896.8
1299.99
1149.99
999.99
3588.91
949.99
5999.85
4510.71
945.0
1804.99
658.0
3779.86
3538.82
1089.99
1549.99
987.0
2208.7
1689.99
3558.13
829.99
1529.99
2549.99
1538.81
1099.97
863.27
1439.28
3749.85
1169.85
2849.85
1059.99
1836.94
1419.99
4914.0
899.0
2729.94
1539.99
1549.0
659.52
784.75
1999.0
1089.95
3963.7
700.01
942.82
1279.99
926.45
3205.35
3902.26
1439.99
3139.19
649.99
914.85
1663.99
1439.28
3449.85
599.0
826.67
824.82
1961.95
769.99
3361.82
1532.82
3058.2
1498.2
1494.99
2328.73
2468.7
1768.82
2937.02
639.99
1495.2
869.85
1198.95
1499.99
1199.0
1768.82
799.99
1048.2
969.99
1746.19
881.86
3744.14
1699.99
3096.0
677.37
949.0
4288.7
1021.86
1159.99
1874.95
4499.85
959.99
910.0
1549.99
2379.99
1270.0
706.82
1311.19
849.99
4692.81
549.0
1742.11
969.97
1279.99
2506.95
1599.99
3313.7
1103.7
8173.96
1549.99
2983.2
1886.82
1000.0
1532.82
5710.02
679.0
689.85
3438.0
4152.42
708.45
835.72
1559.99
3642.66
669.99
979.98
1649.85
1069.99
871.99
2468.7
2827.28
1029.99
4896.0
1079.99
1739.85
4240.92
6775.07
2617.55
1439.0
7698.96
2409.56
1721.62
742.22
1954.99
1799.0
1303.2
4284.0
1189.99
2023.01
3727.62
698.88
2265.37
2106.0
929.99
765.81
979.99
1049.85
1099.0
4394.85
3573.7
739.99
2004.82
3768.7
1792.7
1007.27
5299.99
1149.99
829.99
713.7
2188.9
6479.27
1149.99
849.99
818.99
910.42
1299.0
1664.99
1178.82
1178.82
699.99
4199.99
1280.41
2338.7
1962.34
2699.85
1947.31
1749.99
3799.99
1419.99
7015.1
1001.82
949.99
3708.0
2914.6
2034.32
1282.31
3990.0
958.86
973.2
2506.32
899.85
1713.36
1852.31
2099.99
1249.62
1994.81
1645.89
648.7
629.7
1408.91
2099.85
3399.99
884.99
1149.99
2699.0
3324.81
1518.3
1699.99
1476.18
2999.99
2179.08
1659.08
1046.39
2379.86
899.99
679.99
1933.2
689.85
4220.86
1295.28
1649.99
1467.92
778.7
1439.28
4003.38
2579.99
2043.86
5251.03
1489.99
1654.99
3573.7
7799.99
3379.99
1483.86
2199.99
799.99
942.82
1947.31
2399.99
3073.59
6775.07
5122.95
2399.85
3892.82
1886.82
795.99
649.99
939.99
929.85
1764.99
1155.02
1069.0
942.82
879.99
2973.31
799.0
1105.86
899.85
1579.99
1558.7
1244.85
1108.2
4069.82
599.55
2584.2
4103.28
619.99
3673.08
3079.99
1699.0
599.85
2338.7
1399.99
1163.5
844.99
2605.09
1288.2
1653.84
1233.7
1009.99
3474.0
1233.7
1646.1
949.99
1719.99
4718.82
929.99
2260.88
3149.85
1479.99
2009.85
2099.85
909.0
783.86
1899.99
1303.2
1469.85
1178.82
1172.92
3383.28
1110.38
2599.99
916.86
2349.0
2533.2
5504.85
3599.28
805.68
1295.27
883.82
1789.0
4613.7
1809.39
599.99
784.99
2238.46
1019.85
2460.31
8258.82
919.99
3049.99
3857.42
929.99
939.0
2489.85
989.99
2999.99
1385.86
3199.99
6499.99
611.82
929.99
7499.85
1947.31
1916.34
3147.73
1118.6
1149.99
1414.82
1299.99
849.0
749.85
2849.85
1444.81
784.79
1149.99
1008.0
1743.95
4572.0
1054.99
3149.0
1049.0
1178.82
862.56
2399.85
979.99
1369.99
794.7
3878.66
2999.99
1629.99
899.0
1948.7
699.97
1879.99
929.99
1774.99
854.85
762.89
849.99
1473.82
1444.99
3749.0
5308.82
794.85
1024.99
764.85
2916.0
2802.5
1129.99
2219.99
2549.99
1099.99
1650.82
1059.99
883.31
1334.99
1198.93
2129.99
2399.85
2335.22
944.85
2199.99
1299.0
2655.25
2299.99
4349.85
1039.99
1399.99
3312.0
949.99
1091.86
1025.81
1358.97
624.0
885.0
929.99
2617.55
850.15
829.99
1584.99
1369.99
4448.24
1118.6
1018.34
1006.54
2665.51
1609.52
1579.0
1019.85
1849.99
799.99
899.85
529.0
7964.85
1499.0
1599.99
6999.99
874.62
2913.42
3106.69
1744.99
1039.99
1059.99
1699.99
943.2
549.99
1532.82
1429.99
2072.16
791.82
4349.85
883.99
989.85
1178.82
1199.99
1209.99
1169.85
1548.31
829.99
1403.53
2149.99
1959.0
1948.2
954.99
859.99
1322.86
4399.0
4836.82
764.85
1768.82
2847.34
879.99
2621.96
1060.82
2004.82
3006.0
2520.0
3871.82
749.85
8449.99
2939.85
729.0
934.99
2149.0
884.85
1012.7
3923.95
1217.86
871.95
4028.7
1650.82
854.85
1379.99
2149.0
2729.86
1064.85
2349.99
2852.06
1899.99
1099.99
1597.7
1879.99
1246.95
2004.82
1819.99
1886.82
979.99
1532.82
1798.9
869.85
1944.9
2399.85
980.95
3574.99
2419.99
1199.0
1219.99
5655.74
749.85
2299.99
1089.99
1629.99
3871.2
933.66
809.99
1890.0
999.99
1299.99
899.99
1049.99
1414.82
1199.99
1209.99
734.9
1004.99
934.99
1379.85
5292.0
2129.71
919.99
1239.99
699.99
2099.85
1383.01
1029.0
979.99
869.99
1886.82
3184.82
974.85
1179.99
1283.7
943.99
809.85
6119.48
1439.28
1445.5
615.96
1334.58
1599.0
899.85
1299.99
677.37
1399.99
1599.0
1149.0
899.99
1499.0
730.98
762.95
919.0
799.99
1883.7
4348.15
2135.8
5198.7
1499.99
1414.82
1299.0
2072.16
749.99
1049.99
2403.7
1499.85
6212.95
1464.38
1303.2
1735.99
648.7
999.99
1680.0
649.99
2196.0
942.82
699.99
2466.0
1414.82
1844.18
1147.86
849.99
1699.0
3399.58
3524.85
1279.99
1004.99
4535.27
1844.85
734.85
1499.0
937.86
968.81
909.86
1094.99
1214.95
699.0
869.99
1416.99
1799.0
1399.99
1328.68
2708.1
5308.82
869.99
1099.99
2122.82
899.99
1471.49
2802.5
849.99
869.0
1070.86
969.99
3281.11
2308.2
3075.91
3443.7
2466.0
1272.73
1394.99
1199.99
1119.99
871.95
2899.62
1499.99
1993.2
1178.82
4069.82
749.7
973.7
685.86
764.85
3449.85
1229.99
2999.99
3095.28
3075.91
2209.99
829.99
649.99
924.99
2621.96
1199.99
569.85
1768.82
854.85
1251.99
1935.2
3509.32
1281.48
867.86
1908.0
1739.85
942.82
1399.99
1479.99
1038.7
899.0
942.82
1384.14
789.99
1049.99
929.99
1025.42
1077.86
3532.92
1782.0
2506.93
1249.99
794.85
4350.66
1429.99
1949.99
3816.0
824.85
949.99
1554.99
599.97
824.85
1420.72
1327.5
1948.7
3199.99
2534.99
1889.86
1634.95
649.99
2593.2
3420.82
1979.0
1524.99
824.85
3899.99
2038.2
1679.99
1569.99
3870.0
2393.82
1009.99
1479.99
2682.0
1399.99
585.95
1772.36
629.99
704.46
1690.81
1273.22
799.99
4157.37
912.14
2288.95
1532.82
2712.82
1634.85
1886.82
2349.99
1298.7
899.99
939.0
1698.02
1236.6
3978.0
2358.82
849.99
1094.85
4266.0
1199.99
1178.82
2712.82
1392.59
2122.82
1459.99
2999.0
1414.82
1189.99
692.77
1599.0
6123.13
3125.82
2533.7
3269.95
949.0
1559.99
809.85
2999.99
733.35
1101.45
1899.99
4294.02
790.56
1416.95
2998.2
1119.82
791.0
2830.82
999.99
941.22
2014.99
1399.99
644.99
1428.7
1336.94
1774.99
1149.0
629.85
2344.66
1139.99
698.99
8578.7
1677.0
944.85
609.99
785.99
8339.06
2491.09
874.99
1009.99
937.86
799.99
1529.99
3054.94
2358.82
1999.0
2199.0
1129.99
1650.82
1244.85
3105.76
926.45
1419.99
1677.96
763.0
2699.99
1307.95
2858.7
1767.64
1739.99
1149.99
2499.99
819.99
1019.99
1039.99
1199.99
998.28
1184.85
545.86
984.99
4718.82
1534.99
3118.7
1580.45
3869.22
699.99
701.85
1852.95
1886.82
1949.85
899.0
1007.3
762.95
1706.93
1355.82
3749.85
944.85
2249.85
764.85
989.85
1398.99
1149.0
944.85
749.99
2299.0
2299.99
1199.99
1144.45
1646.98
3774.82
1574.85
1679.86
1395.19
2807.27
1362.45
799.0
1465.09
1742.11
1479.99
919.99
5143.62
3294.0
829.99
2189.99
629.86
5489.85
929.85
989.99
2790.0
2249.99
1449.99
1549.99
482.96
3149.99
849.99
2375.28
3002.5
809.85
599.99
4655.1
1999.99
1106.75
3898.7
4333.2
7015.1
1383.01
1519.99
1576.48
2967.63
1167.02
611.82
1237.82
1151.27
1743.95
2658.04
1218.85
1149.99
1818.7
1299.0
686.85
1431.34
1464.99
749.99
1045.35
3396.04
1099.99
2833.95
1296.82
1949.99
1569.99
2692.81
1414.82
2249.7
1178.82
1765.79
2179.95
3774.83
2948.82
1245.0
1896.01
849.99
804.99
753.2
1429.99
2499.99
1915.71
2008.87
1591.82
5399.85
1367.28
3248.7
1192.98
3057.84
1054.99
1099.99
5483.46
699.99
944.85
2004.82
4209.99
1049.85
5122.95
824.82
1613.19
899.99
997.1
1139.85
762.95
577.35
1599.0
1198.89
1021.86
1367.28
972.61
3599.85
745.0
5616.0
836.62
599.99
5662.82
2808.4
2358.82
2001.28
2844.0
1199.85
1861.86
2499.99
2925.51
1043.82
949.99
1279.99
683.82
2239.64
849.99
909.99
1367.62
1319.85
2899.99
2399.99
2122.82
644.85
1294.56
1021.86
1948.7
1362.49
2594.82
1241.19
1049.99
1494.99
1532.82
2049.0
1416.95
889.99
849.99
4032.95
2358.82
5549.85
7674.48
1049.85
549.99
1530.0
1244.99
1711.0
2912.15
1178.82
1049.99
1019.99
1886.82
1979.99
2632.58
846.75
1199.99
3315.8
3139.98
2299.82
2099.99
2143.7
2399.85
989.99
2942.53
921.31
1416.0
3122.46
999.99
1178.82
1132.6
2999.85
519.99
1424.99
1049.85
2849.99
2937.02
539.99
4499.85
2520.0
764.82
899.99
2388.99
1198.89
859.99
1499.99
1434.88
849.99
849.99
949.99
1644.92
614.85
1849.0
6484.37
949.99
1318.06
974.99
1634.95
1689.0
4608.0
3358.95
1939.99
2419.99
2122.82
2699.85
1231.86
1168.7
2375.28
1057.0
1768.82
1114.56
1774.99
1558.7
1727.7
1727.27
549.0
1889.99
4152.42
2565.32
1294.99
5426.82
779.99
4103.28
1364.99
749.85
5699.0
949.99
1099.0
569.99
1174.99
1299.99
1249.99
1485.61
3068.31
1399.0
1550.0
2654.19
849.66
1179.99
2849.85
1106.85
709.99
741.86
643.99
689.85
3942.0
849.99
2016.62
899.85
3150.0
1399.99
599.85
1079.0
2983.2
1844.71
1049.85
2574.0
3089.24
4132.69
575.28
689.85
539.85
1207.7
869.22
1867.94
1599.99
1569.59
2099.85
1237.82
2358.0
4999.99
1886.82
1149.0
1289.99
4104.0
1168.7
4067.46
1228.97
1169.99
2849.85
1349.85
629.99
4289.99
2339.94
1199.85
929.99
1768.82
1549.0
4659.82
884.85
4054.48
2803.2
2211.32
1144.45
615.52
1004.85
824.85
1178.82
963.26
816.77
1525.89
3079.86
1129.99
499.99
734.85
1949.85
1564.99
2649.99
699.0
869.85
2085.99
615.99
788.55
2490.48
2594.82
649.99
1296.82
1929.99
1663.96
1004.99
689.99
2849.85
1217.76
928.2
1099.0
2449.99
1280.41
3749.85
1899.99
1864.99
829.99
2487.44
1214.99
1886.82
824.85
1889.86
1079.27
2124.85
1004.99
899.99
3999.99
889.99
529.99
1329.86
1199.99
5922.42
2209.99
3583.2
1688.7
1178.82
704.85
1129.99
2099.85
1383.01
849.99
820.02
799.99
2128.2
5101.19
1608.46
1043.82
908.7
2724.95
3173.02
1804.22
869.0
1499.85
1329.86
1078.2
699.99
1178.82
999.99
1835.28
914.85
2404.99
1007.27
1293.28
3434.99
1688.7
1642.17
1354.99
985.3
1334.85
1039.99
1099.99
798.0
899.85
1494.93
1886.82
2844.0
1183.2
2659.86
972.1
1792.42
2913.42
1240.2
2999.0
790.56
1399.0
1299.0
4199.85
3420.0
3558.13
2549.85
2099.85
2878.31
779.94
1532.82
5367.82
1217.99
899.99
3547.08
2829.67
3499.99
1599.99
798.0
712.62
2081.89
5220.15
919.99
1168.7
1499.99
2699.99
1299.99
5589.94
1599.99
1349.85
1644.99
3999.99
2879.28
4659.82
1143.42
879.99
1949.99
554.85
778.7
1049.99
1339.0
4212.0
1349.0
1060.82
1699.99
799.99
794.85
892.35
2800.98
1249.99
919.21
1169.85
783.88
764.99
1299.03
1988.3
1414.82
2615.99
1499.99
1349.25
739.99
1650.82
755.86
1649.85
824.99
2642.02
1199.85
708.45
1634.95
1354.99
649.0
944.85
1053.33
1947.31
919.99
2004.82
844.99
2999.99
2240.82
1060.82
2299.99
2506.99
899.85
729.99
3420.29
689.85
739.99
2630.22
1499.85
1099.99
1649.85
576.62
2499.99
699.99
749.99
749.85
2397.95
799.99
749.99
1754.85
1499.99
1451.4
1289.85
719.85
5099.85
7003.3
541.99
899.99
1827.82
5039.27
1949.96
1199.99
1140.86
1414.82
1445.5
1079.85
2499.99
1269.0
739.0
2099.85
2684.89
2716.81
778.7
2519.27
706.82
929.85
1151.28
2844.0
1768.82
1274.85
1194.99
713.7
1104.99
2999.85
1808.94
973.2
849.99
909.99
1782.0
3798.0
2717.54
690.47
829.99
1178.82
1314.99
719.85
1818.7
599.99
795.87
3393.68
2803.2
3516.4
4246.82
1489.99
1349.85
4333.2
1818.7
1818.7
2615.95
1499.99
914.85
1464.99
829.54
1799.85
2005.59
799.99
1799.99
1229.11
999.0
979.99
2799.99
1579.99
1579.99
2934.0
989.99
589.99
2747.59
1779.26
2839.08
1414.82
3999.99
1367.28
1695.66
1529.99
2299.99
735.0
1190.0
1649.99
1899.99
1349.99
755.82
974.85
1149.99
2488.2
1019.99
1294.56
1967.38
699.0
2901.49
1124.85
1816.02
1539.86
3892.82
2476.82
749.99
795.0
1303.9
942.82
1852.22
569.85
924.99
2476.82
1399.99
2669.97
1724.85
1799.99
1849.0
1269.99
2165.3
1634.99
1497.42
2417.82
1209.89
1834.9
1089.99
2169.99
2110.23
1768.82
3186.0
749.85
4842.0
699.0
1079.0
1879.99
719.85
1363.7
2256.29
2399.85
939.99
2949.99
1929.0
1499.85
5999.85
1498.2
1494.28
4183.99
949.99
1688.7
728.08
4274.85
4101.91
3914.72
1580.49
929.85
1799.28
1439.28
1999.99
1199.0
749.85
1498.2
1354.99
1854.99
5753.68
1999.0
762.95
669.42
896.0
1849.0
2728.7
999.99
939.99
1801.66
2693.57
2358.82
1558.7
4659.82
3204.0
999.99
569.85
2975.29
1599.99
8719.99
1178.82
1199.99
3857.48
3829.99
999.99
819.99
919.99
1619.99
1620.0
3499.99
2478.0
738.96
853.1
6498.7
2358.42
1050.0
1414.82
3150.0
978.6
1899.99
2249.85
1178.82
1142.7
699.99
2535.82
6134.82
1980.0
794.85
2668.96
1650.82
1369.99
899.99
2999.99
3066.82
1827.82
1597.99
1451.27
2849.85
899.99
2322.0
7499.85
734.85
3508.7
2086.0
1959.86
1063.86
3501.06
1998.0
1757.73
3023.28
966.42
2358.82
3168.0
524.85
3499.99
749.0
1624.99
4124.85
2183.86
4608.0
1762.37
1322.86
3079.86
1139.85
948.99
1882.98
1198.2
3232.02
3456.0
1451.86
1534.99
2179.99
2244.85
1538.18
2948.82
1499.85
1090.0
2729.86
1532.82
2997.49
1633.81
1154.99
669.99
1428.7
2409.49
2275.04
2799.99
987.81
1414.82
1709.82
1947.31
1584.0
749.85
999.99
3896.71
1079.0
935.27
2290.2
1949.85
944.85
1244.85
799.0
2211.86
1779.99
609.99
817.7
729.99
3501.06
1064.85
2079.99
713.7
5058.66
4949.85
3286.81
1314.99
719.95
629.99
3638.7
4885.86
949.99
743.99
1944.9
4734.0
1189.99
3393.68
1274.99
2118.31
2294.85
2712.82
3852.0
1099.99
1104.99
1079.27
1591.82
6758.7
1178.82
2849.85
1139.99
1834.45
1158.9
6499.99
729.99
919.0
1479.99
899.0
899.85
4288.7
1664.99
1209.99
1669.99
899.98
6136.81
949.99
2350.56
809.85
1099.99
1688.7
539.85
904.99
1099.99
4895.82
1149.99
3066.82
1979.99
1001.82
825.86
2160.0
999.0
928.2
1149.99
749.99
1599.99
1054.92
3949.99
2279.99
909.96
649.99
824.85
1229.85
989.85
1249.99
1456.12
1688.7
949.99
1222.63
3683.44
1234.99
599.85
1099.99
2999.99
2099.7
1209.0
2132.26
619.99
629.85
1709.99
2175.92
659.85
1999.99
689.85
659.85
1149.84
1768.82
2703.99
1949.85
999.99
671.86
2978.06
854.85
879.99
3599.85
3715.82
762.95
2849.99
2728.7
899.99
1199.99
1999.95
899.85
4479.99
1949.85
4086.0
1185.09
2159.29
979.99
687.7
929.99
1711.0
1709.82
1999.99
1469.99
1573.95
1990.66
1253.49
1799.85
859.99
3361.82
1060.82
1049.0
2624.85
3361.82
1870.56
1599.99
1650.82
2024.99
1296.82
969.99
734.85
1139.85
2199.99
1279.99
1009.99
569.85
3899.85
2549.85
1471.49
1532.82
1307.95
3444.42
3951.82
2412.0
3302.82
2520.0
1088.99
1199.99
989.99
2594.82
2099.99
929.85
3049.99
1532.82
871.93
1184.85
829.99
1799.95
789.99
820.98
1119.82
1699.99
819.99
1119.99
1939.99
1379.99
979.99
759.99
549.0
644.85
4151.31
1688.7
549.99
2535.82
1139.99
2699.85
1598.99
1768.82
4896.0
1449.97
2765.92
1532.82
1269.0
3490.56
1331.71
2374.56
2924.85
999.0
2830.82
1634.99
2923.7
1844.71
2079.99
3377.96
824.85
706.82
3484.99
879.99
1434.99
1949.0
899.7
2024.85
1281.48
799.0
2799.99
1416.45
1799.99
1414.82
1655.28
1532.82
2158.56
984.99
1663.2
5651.0
4468.66
749.0
2209.99
3899.99
1133.82
729.99
794.85
1588.21
2459.99
809.85
6123.13
959.99
641.92
999.99
1664.0
1099.99
2122.82
5418.0
1469.86
1529.99
1549.0
649.99
1532.82
1054.92
1299.0
1944.9
1061.96
839.86
2099.99
2021.32
3394.99
846.75
846.75
2499.99
771.0
1998.0
2383.2
809.85
1859.0
769.0
1113.92
1334.85
2398.0
1488.99
3179.85
1154.55
1151.28
1199.0
1014.0
1099.99
1178.82
947.7
1699.99
949.99
2249.85
2674.99
1899.99
2574.0
2617.55
2416.7
1690.81
2004.82
671.86
1392.56
1650.82
643.86
674.85
1178.82
6159.14
1169.99
4799.85
1049.99
1149.99
1024.99
910.01
1886.82
1079.82
2449.99
1049.85
3600.31
3344.99
4199.85
929.39
4054.48
1829.0
974.85
1757.99
974.85
2397.95
2349.38
1129.99
1029.99
1084.99
1069.9
1304.85
3093.86
1536.91
4718.82
1091.99
1139.99
1724.85
6191.46
824.85
849.99
549.0
2039.99
1089.95
1650.82
899.99
769.76
3239.28
739.99
749.0
829.99
989.99
1059.64
1172.92
2358.82
829.99
1439.85
1739.85
2196.0
3007.82
2087.28
764.85
1199.99
599.0
1424.85
1077.86
916.86
1913.96
999.99
1640.2
1449.99
730.98
699.99
1589.99
704.85
2469.81
1419.99
1710.0
1244.85
1009.99
1280.3
3912.88
2889.82
3158.56
2338.76
2549.85
929.99
2712.82
2099.99
3379.99
1532.82
2894.85
625.4
6109.99
2710.46
824.85
2009.85
2299.0
2338.7
849.0
921.31
1947.31
1497.42
4620.88
599.85
1236.09
1945.82
2739.99
869.99
699.99
1199.99
3324.99
944.85
1174.99
1649.0
1768.82
2642.99
990.0
1019.99
1803.67
2122.82
1304.85
674.85
1999.99
1062.6
1686.15
849.99
1047.84
1569.99
2248.2
4679.99
1499.0
1355.82
1532.82
1399.99
880.28
1354.99
1019.99
1416.95
1035.45
1019.85
949.99
2496.1
1742.11
1948.7
1389.99
3656.82
3024.0
1948.7
2549.85
1348.2
4467.48
2087.42
1880.92
695.0
2199.99
1035.31
699.0
899.99
3899.99
794.85
2410.74
1398.99
1485.61
1532.82
2209.99
811.86
1438.42
1692.0
1599.99
2149.99
4012.0
2520.0
1198.95
849.99
2973.31
879.99
1886.82
914.85
1559.99
2099.86
1694.99
764.85
3749.85
2948.82
1849.99
839.99
1899.99
942.82
3749.85
1879.99
1199.85
1945.82
2858.7
1441.99
1149.99
1199.99
809.0
1474.99
829.99
3459.99
899.99
2049.91
1249.99
1599.99
1532.82
1124.85
4394.85
1098.71
1799.85
1249.0
1539.99
1254.99
1655.57
959.85
5249.82
1019.85
6120.0
1504.2
2646.0
2242.0
2699.99
1191.78
1999.99
2599.99
739.99
5721.82
6134.82
2476.82
2599.99
1114.56
974.85
1599.99
849.99
2231.28
1057.0
713.7
1219.99
749.0
1199.99
1179.99
3199.99
1294.99
5999.7
3538.82
1018.84
1399.99
1063.99
1949.85
3066.82
1599.0
1961.99
765.82
1249.99
1525.95
1469.1
1529.62
2099.85
1399.99
2128.2
700.92
1219.99
1924.99
929.99
2352.0
1298.7
4394.85
1099.99
1519.99
593.82
4104.0
1269.99
3893.67
755.82
1999.0
1099.99
1329.86
959.22
4294.02
2039.7
824.85
1178.82
849.99
1496.6
1048.6
2199.99
1799.85
4423.82
1021.86
849.99
1637.63
1219.99
1852.19
1896.71
1149.99
4009.57
1236.6
5040.0
1393.02
1874.85
2476.83
2519.86
2315.16
1599.99
4499.85
980.95
1343.99
4572.0
3528.0
1363.63
1416.45
2279.99
3137.62
1889.86
1099.99
1099.99
929.99
969.99
759.99
868.2
629.86
599.99
499.0
777.09
4149.99
4274.85
1019.85
1178.82
1849.99
1126.51
649.0
679.0
1949.0
4572.0
1499.99
999.0
1858.2
1079.28
1532.82
7772.66
2729.85
629.99
2729.85
1471.49
1103.7
1103.7
2149.99
3184.82
649.99
899.99
1257.97
1349.0
649.99
671.22
1369.99
1331.71
858.0
824.99
1688.7
2355.28
942.82
1599.99
3539.85
3299.85
799.99
999.99
647.28
1349.99
734.85
1199.0
1428.7
1027.81
935.86
1599.99
1199.99
2999.85
2999.85
2679.99
1599.99
1579.99
1279.99
4010.82
734.98
1886.82
914.85
3132.0
749.85
719.85
1416.95
859.99
3238.56
899.0
1499.0
3749.85
1734.99
1004.85
5002.02
599.99
813.95
3149.54
1689.99
3774.82
514.99
824.82
2264.42
701.85
1049.99
874.62
2099.85
1872.0
1403.53
3922.96
2724.95
1049.85
1496.57
819.99
1010.64
818.92
980.95
1077.82
2723.96
2699.0
1558.7
2049.99
1199.85
1471.49
1414.82
809.99
749.85
1219.99
1444.99
1357.0
849.99
4364.82
6238.7
3538.82
854.85
1399.86
1829.0
949.99
1949.0
2695.12
5616.0
1100.94
1290.92
1680.0
3051.36
1259.86
1814.99
3898.7
770.52
925.33
1299.99
969.99
939.99
2288.95
599.45
909.99
1916.32
1089.95
4122.0
1899.0
937.86
1307.95
909.99
1249.99
1299.94
799.99
694.62
919.99
1504.2
1799.85
1131.62
799.0
639.99
765.81
849.99
944.85
1199.99
2709.28
1307.95
883.2
1549.99
3181.28
1329.9
675.75
1355.82
1019.99
1669.99
874.99
819.99
2279.99
1237.82
1272.7
1349.99
2069.0
1739.85
1154.85
2901.49
1289.0
1532.81
1034.85
734.85
2659.86
1449.99
1499.85
1814.99
1249.99
1379.99
4917.06
1789.0
1399.0
1149.0
899.85
2999.85
2088.0
1189.99
1532.82
1169.99
3951.82
2520.0
1299.99
