2549.99
2099.85
1229.85
6191.46
1416.45
3656.82
1949.85
1993.20
1069.99
619.99
2973.31
2549.85
1147.86
4914.00
1949.85
909.96
899
790.56
2599.99
2802.50
1532.82
507.50
650.99
1424.85
1808.94
1532.82
899.99
2914.60
1199.85
599.88
929.99
2833.95
765.82
589.99
1642.17
492.70
1488.99
3361.82
569
919.99
599.85
1634.95
2221.94
1916.32
434.85
1307.95
1046.39
2942.53
529.99
449.85
764.85
4364.82
599.85
649
699.99
689.85
3749
650.85
1399.99
429.99
1577.91
1599.99
914.85
1303.20
673.20
2617.55
539.85
1038.70
568.99
1367.27
539.64
712.62
4212.00
1532.82
2934.00
3816.00
475.86
726.60
674.85
1599
408.42
1223.28
2099.99
1229.11
649.99
883.82
896
2506.99
439.99
733.05
979
1588.21
1615.42
999.99
1886.82
799
1663.99
4679.99
809.85
1108.20
2072.16
765.81
719.85
1852.31
2199.99
419.85
2118.31
762.95
789.99
1069.99
1899.99
3249.99
926.45
778.70
1236.60
3149
1818.70
464.85
989.99
1089.95
1296.82
1649.85
2668.96
3057.84
1949.85
921.31
641.92
2205.42
1079
3490.56
2519.86
1548.31
1870.56
1101.45
863.27
3125.82
1029
2233.20
3139.98
1019.99
2249.70
1038.70
490.45
749.85
749.99
1367.28
1304.85
2124.85
2729.86
2574.00
719.85
742.22
941.22
1999
1416.95
1362.45
464.85
2724.95
1858.20
1680.00
824.85
828.57
1640.20
1139.85
824.82
615.99
3749.85
1349
899
1999
849.99
816.77
749
3573.70
1573.95
3158.56
999
944.85
749.99
2999
1169.85
914.85
1499.85
4349.85
2924.85
2399.85
3420.00
679
3524.85
999
1636.70
1253.49
2279.99
431.26
1021.86
1060.82
942.82
911.40
749.85
1299.99
949
1591.82
854.85
2308.20
2632.58
625.80
1489.99
5699
649.99
765.81
1019.99
2712.82
846.75
1646.10
3768.70
824.82
980.95
1414.82
1494.99
706.82
939
939.99
942.82
566.82
791.00
1424.99
677.37
4917.06
1908.00
764.85
1886.82
1469.86
2099
824.85
1198.89
4122.00
1414.82
765.82
908.21
461.86
783.88
2565.32
762.95
669.99
933.66
730.98
2399.99
1420.17
799.99
1768.82
589.99
2179.99
4049.99
1634.85
1217.86
1104.99
611.82
859.99
1179.99
1294.56
849.99
1519.99
1499
2849.85
1649.85
2659.86
3118.70
538.78
1283.70
3499.99
1948.20
1599.99
4069.82
329.99
4572.00
1149
431.06
2087.28
914.85
820.98
4659.82
3232.02
559.86
3078.62
1079.28
1532.82
749.85
1438.42
1007.30
619.99
702.80
1519.99
1149.99
1103.70
2549.85
519.96
1479.99
1362.49
749.85
1199.85
749.99
2099.99
410.64
1999.99
2901.49
3923.95
769.99
1292.10
2729.85
419.85
791.82
5616.00
629.99
2231.28
2999.85
1289.99
1218.85
1500
2594.82
1189.99
1743.95
2599.99
599.85
1580.49
1947.31
1724.85
1089.95
1007.86
949.99
1532.82
919.99
3132.00
1019.99
852.46
2008.87
2615.99
769
3383.28
1493.70
558.99
479.99
2913.42
479.85
5922.42
1349.99
1765.79
794.85
805.67
871.99
464.85
2288.95
2949.99
1439.28
419.85
1644.50
447.22
1804.22
4246.82
2466.00
701.85
1034.85
879.99
2149
1949.85
1445.50
499.99
1532.82
615.96
1021.86
1994.81
1089.99
1025.42
1296.82
1349
399
3002.50
799.99
839.86
699.99
2799.99
706.82
1849
344.85
1144.45
2476.82
671.86
1383.01
989.99
1649.99
419.85
307.86
629.85
1438.56
749.85
556.96
797.22
589.68
1899.99
405.86
863.27
1948.20
2879.28
1653.84
1961.95
2790.00
939.99
1119.99
1019.85
539.85
1646.98
1414.82
1299
1580.45
2844.00
1757.73
653.95
1711.00
1947.31
489
1178.82
1669.99
4284.00
4349.85
374.85
216.35
1912.66
3060.92
1060.82
4499.85
1334.58
896.80
2352
1690.81
929.99
699.97
1754.85
3150.00
909.99
1395.19
2999.99
2506.93
2699.99
1782.00
3054.94
869.85
2128.20
1439.28
1099.99
1650.82
2460.31
1615.42
999.99
1303.20
507.40
1882.98
1249
4949.85
2830.82
734.98
1143.42
1416.45
1403.53
1655.28
1004.85
762.95
509.85
1471.49
2997.49
871.95
3058.20
4620.88
4394.85
811.86
1739.85
824.85
397.30
518.70
4896.00
824.85
1079.99
1178.82
329.70
3871.20
899.98
3079.86
899.99
1049.99
1269
789.99
4350.66
3066.82
749.85
4896.00
1539.99
3636.00
945.00
689.85
899.99
3137.62
559
1496.57
929.85
329.85
1679.86
1849
4734.00
1532.82
1079.85
1322.86
729
699.86
611.82
1199.99
359.85
1688.70
1663.20
479.99
2122.82
1420.72
6724.82
849.99
547.35
972.61
1387.88
3639.99
726.60
599.99
2034.32
4103.28
389.85
1059.99
4266.00
1935.20
3338.22
2703.99
3377.96
1236.09
3006.00
461.79
1399.99
2135.80
1886.82
909.99
4686.95
554.85
836.82
2533.70
2322.00
4129.86
1623.70
5549.85
2999.99
1178.82
602.00
809.85
2128.20
700.01
824.85
1272.70
1398
1329.9
1035.31
849.99
1473.82
422.98
914.85
1089.99
2839.08
1329.86
1439.28
1070.86
399.99
910.42
2009.85
599.45
874.62
116.82
1599
554.85
1064.85
1354.99
323.98
3386.60
706.82
1217.76
2699
829.99
2210.14
829.99
2328.73
3538.82
1768.82
1739.85
3443.70
509.85
674.85
999.99
929.99
2499.99
3199.99
1050
2699.85
944.85
2299
3586.02
1149
949.99
809
1379.99
665.82
1929
871.93
1620.00
599.97
849.99
1043.82
944.85
1532.82
5710.02
463.14
801.22
1549.99
3312.00
3024.00
4054.48
1349.85
854.85
597.99
1049.85
1273.22
1049.85
644.85
973.20
437.85
1650.82
3642.66
2506.32
1998.92
4101.91
992.87
824.82
885.00
1379.99
1274.85
569.85
5040.00
1000.80
2416.70
232.70
1168.70
881.86
429.99
1539.99
509.85
1185.09
1279.99
4468.66
2844.00
2449.99
2593.20
1949
549
1231.86
1199.85
338.40
794.70
1129.99
4613.70
949.99
704.85
1886.82
2489.85
470.82
492.70
899
5589.94
999.99
2682.00
1834.90
449.82
929.85
1178.82
5489.85
422.80
1393.02
3708.00
1416.99
2803.20
1429.99
414.65
2049
835.72
1439.85
2509.73
2175.92
1019.85
477.40
1699
3051.36
769.76
3899.99
2999
1008.00
1849.99
989.85
2099.85
345
825.86
4157.37
935.27
849.99
3814.89
704.85
4149.99
762.95
1499.99
1799.85
1688.70
611.82
2830.82
1414.82
3509.32
599.85
1110.38
734.85
1949.85
1279.99
1499.99
1504.20
1569.99
4054.48
712.62
980.95
1369.99
1597.99
3239.28
979.99
524.85
1290.92
4069.82
2268.00
2844.00
1021.86
755.86
999.99
675
1168.70
1049.85
805.68
692.77
538.56
2682.00
1629.99
1133.82
889.99
2655.25
1099.99
1852.22
1099.99
1465.09
2665.51
1886.82
1249.99
4294.02
1444.81
1234.99
615.78
1367.62
942.82
1799.95
1349
518.94
1403.99
1599.99
3313.70
1229.11
2038.20
2299.82
2941.96
3638.70
599.99
3037.86
4032.95
399.99
5292.00
2244.85
549.99
1634.95
1270
1021.86
794.85
801.21
4423.82
2238.46
1049.85
1999.99
679.99
4499.85
1079
4009.57
2399.85
1890.00
1178.82
1099
1532.82
1299
779
1019.85
2499
2514.58
4608.00
1886.82
892.35
3079.86
926.45
643.20
2099.99
1150.50
1163.51
2975.29
667.80
508.20
1449.99
1949.99
649.99
2520.00
829.99
629.85
1349.25
1742.11
459.61
899.85
829.99
3978.00
599.99
2899.62
929.99
1844.71
539.85
2039.70
949.99
1233.70
1199.99
1913.96
935.86
706.64
1113.92
999.99
1031.22
1650.82
490.36
874.62
3149.54
1099
943.99
1532.82
1497.42
2584.20
3574.99
3925.86
2155.60
1057.00
943.20
1648.05
1599
1679.99
1659.08
1189.99
2350.56
434.85
3999.99
2290.20
2579.99
859.99
2699
1469.86
3361.82
4535.27
1473.82
3898.70
3774.82
3149
749.85
2288.95
2468.70
1079
4718.82
2852.06
5504.85
729.99
1949.85
3186.00
1063.86
1403.53
1349.99
719.85
1384.14
505.04
908.70
544.95
1879.99
2081.89
1099.99
524.85
3066.82
824.85
2894.85
762.95
1799.85
1499
989.99
829.99
1532.81
1743.95
2699.99
1161.99
629.86
1690.81
794.85
2199.99
799.99
569.85
937.86
1959
539.00
362.70
1899.99
659.85
1109.99
1699.99
729.99
2099.99
3923.95
899.99
1184.85
669.78
1299.03
464.85
1735.99
1199
1949.85
649.99
784.79
494.42
2375.28
1001.83
1184.85
1239.99
447.22
794.85
653.95
836.82
1029.99
1007.27
818.92
854.70
4240.92
5356.02
679
1169.99
1768.82
1059.64
4199.85
1532.82
2488.32
1599.99
519.75
704.85
949.99
5898.82
1139.99
599.99
1499.85
3184.82
699.99
677.37
614.85
1789
3857.42
1228.97
1599
1709.99
1383.01
795.00
609.99
2242.00
819.99
3096.00
824.85
879.99
1949
1357.00
3399
1147.86
900.00
849.66
671.22
1019.85
1172.92
2617.55
1399.99
764.85
1060.82
3224.85
1094.85
1498.20
836.62
2379.99
300.86
2278.09
3315.80
2004.82
5879.86
2520.00
2249.85
2747.59
2998.20
3774.82
1768.82
1688.70
1498.20
2349
2375.28
2196.00
869.22
1144.45
2712.82
2728.70
2605.09
4012.00
599
2999.99
625.40
3883.20
914.85
3869.22
1489.99
1379
2923.70
1289.85
764.85
4199.85
2948.82
2712.82
1599.99
719.85
869
359.85
2004.82
2624.85
1742.11
649.99
2099.85
1179.99
974.85
1249.99
2999.99
1742.11
1303.20
1949.85
1783.20
593.82
1299.99
928.20
748.07
799.99
947.70
1296.82
1710.00
704.85
899.85
2699.99
665.82
899.70
6120.00
1296.82
764.82
1089.95
435.95
921.31
1414.82
849.99
1504.20
1219.99
4220.86
1399.99
749.99
734.85
1536.91
477.40
258.70
699.99
1189.99
1849
2549.85
1549.99
1669.99
2535.82
518.70
3398.40
1363.70
1236.60
928.20
2183.86
435.42
2149
1244.85
2344.66
529
4104.00
1896.01
749
434.85
1367.28
2724.95
942.82
1599.99
2999.85
1768.82
2397.95
5002.02
3642.66
3324.81
2051.99
719
435.95
590.76
1198.20
734.85
447.86
1768.82
989.99
4152.42
1199.99
959.85
1178.82
734.85
2729.85
1944.90
1827.82
629.70
3089.24
2490.48
919.99
1169.85
734.85
1634.99
515.16
1295.27
999.99
1339
554.85
1049.85
368.87
749.70
1167.02
2211.86
1768.82
1178.82
669.42
1240.20
1944.90
3942.00
1829
737.82
3068.31
629.86
1001.82
929.99
2199.99
899.85
779.94
788.55
1499.85
944.85
999
1214.99
1844.18
749.85
1428.70
1889.86
2728.70
4086.00
2999
729.99
1414.82
1280.30
1747.58
1947.31
479.70
1768.82
899.85
1844.71
1944.90
2299.99
479.99
3774.83
1831.19
1899.99
998.28
826.67
764.85
3898.70
3892.82
3060.00
2466.00
1449.99
1980.00
1304.85
1059.99
1689.99
1782.00
1048.20
1178.82
1191.78
2942.99
1049
1889.86
1018.84
699
899.99
593
3963.70
799
3294.00
1178.82
739.99
1499
2973.31
284.21
2549
2196.00
1199.99
1163.50
1129.99
695
1449.99
645.29
863.28
2086.00
1576.48
1034.85
585.95
809.99
1007.27
985.30
2858.70
799.99
3726.00
784.75
1296.82
1343.99
1727.70
699
649.99
2099.70
2199.99
1408.91
1948.70
2806.04
899.85
6212.95
1428.70
1834.45
658.20
1149.99
3149.99
449.85
1149
999.99
4104.00
2069
479.99
464.85
1149.99
497.99
2699.85
1199.85
2299.99
1274.85
434.70
734.85
2878.31
629
1049.85
824.82
777.09
1959.86
362.70
853.10
2024.85
649.99
1149.99
1624.99
599.85
1054.92
1189.99
5022.00
539.85
2358.00
870.00
1019.85
3914.72
2829.64
727.57
1768.82
1818.70
2016.62
685.86
1299
908.70
647.82
3871.82
554.85
341.81
908.70
2412.00
2693.57
1849.99
1348.20
2379.86
1451.40
5418.00
999
3870.00
1634.95
4608.00
1062.60
506.22
1599.99
1416.95
4028.70
2723.96
4408.95
1649
1852.19
829.99
1699.99
1469.85
799.99
2254.00
729.99
2983.20
799
1178.82
2383.20
1322.86
2674.99
919.99
2803.20
899.85
2802.50
706.82
1399.99
809.85
1896.71
1663.96
1699.99
579.99
1947.31
689.85
899
1059.99
1948.70
974.85
1451.86
764.85
741.86
1079.82
980.95
1045.35
385.48
3078.62
783.86
2249.99
929.85
694.62
883.31
1916.34
1047.84
3558.13
2409.56
713.70
1010.64
1001.83
4718.82
2338.70
1768.82
1799
1434.88
336.70
1650.82
599.99
2393.82
719.85
1827.82
1709.82
579.99
1688.70
700.92
885.00
2899.99
1021.86
1334.85
1499.99
1307.95
963.26
959.85
1091.86
989.99
762.95
1109.99
322.81
3727.62
2106.00
919.99
648.70
624.24
369
1699
3871.82
959.85
1499.85
2533.20
509.85
1799.85
1078.20
969.99
329.22
1244.85
1899.99
2549.85
2630.22
3744.14
611.82
474.81
2849.99
899.99
1168.70
531.86
433.69
2599.99
949.99
1331.71
854.85
3269.95
2729.86
899.85
1192.98
577.35
538.20
1859
653.95
404.85
1385.86
624.22
2912.15
494.85
949.99
404.82
2549.85
949
813.95
1949
1296.82
2889.47
1099.99
740.81
2491.09
1485.61
824.85
3379.99
959.22
1198.95
1358.97
762.89
199.99
929.99
2549.85
539.85
2799.99
2358.82
4522.57
1852.95
799.99
742.22
899.85
3583.20
799.99
5292.00
949.99
1530.00
1886.82
1829.00
2901.49
741.86
739.99
729.99
1355.82
2476.83
359.99
949.99
639.99
1499.85
1199.99
1151.27
1439.28
449.85
1709.82
1106.85
3499.99
3951.82
6159.14
1962.34
839.99
999.99
1584.00
1999
2417.82
1244.85
849.99
584.85
869.85
2099.86
3149.85
919.21
5426.82
929.85
944.85
284.81
987
2399.85
2232.00
1889.86
1774.99
3784.26
2999.99
1471.49
3599.28
1311.19
545.86
2967.63
1241.19
999.99
1532.82
1049.99
1009.99
762.95
1105.86
615.78
2399.85
3184.82
699.99
899.99
3547.08
748.07
1253.49
1199.99
625.80
1077.82
1419.99
969.99
6123.13
1799.99
1499.85
979.99
408.42
644.85
5058.66
1119.99
1327.50
1019.85
569.85
1439.28
2338.76
3248.70
1767.64
1529.62
1035.45
1199.99
1199.99
1694.94
699.99
2338.70
824.82
2654.19
969.99
4522.57
464.92
1149.99
7772.66
1700.80
1057.00
1198.93
2807.27
1178.82
1949
973.70
909
1299.99
3779.86
972.10
1648.20
2358.82
769.86
4718.82
2358.82
1947.31
909.86
419.85
2403.70
3449.85
3150.00
942.82
4199.62
1178.82
1383.01
5143.62
3186.00
4467.48
733.68
1029.99
689.85
2005.59
2827.28
708.45
942.82
4294.02
1886.82
969.99
3573.70
1061.96
1539.86
599.99
1999.99
569.85
2520.00
1298.70
1369.99
599.85
1532.82
1949.99
3896.71
1049.99
2939.85
1689
4799.85
829.99
3286.81
701.85
2349.99
1883.70
1772.36
3599.85
999
1106.75
854.85
1331.71
3358.95
599.45
1178.82
2621.96
405.86
1099
1549
824.85
1299
2009.85
683.82
2716.81
779.99
2160.00
2338.70
399.99
867.86
2339.94
503.86
2149.99
1886.82
1280.41
824.85
1237.82
862.15
5999.85
899.99
3949.99
980.95
1809.39
849.99
2999.99
1064.85
2249.85
925.33
909.99
1293.28
1359.99
794.85
1124.85
871.95
2309.47
1069.99
1281.48
1399
1077.86
839
450.00
679.99
2490.48
1149
1218.94
629.85
1785.81
2684.89
1549.99
2708.10
824.85
753.20
2858.70
4124.85
778.70
5483.46
619.99
431.27
2165.30
1608.46
1349.85
1294.56
1030.14
1139.85
3399.99
2659.86
854.85
493.81
2519.99
366.47
1132.60
3125.82
1367.28
3942.00
4199.85
2088.00
2264.42
616.00
2159.29
942.82
1288.20
460
1680
1792.42
2599.99
2299.99
5753.68
1178.82
899.99
2520.00
2468.70
1039.99
1207.70
1532.82
944.85
1114.56
842.22
2808.40
778.70
615.52
599.55
2728.70
539
2469.81
944.85
3798.00
2265.37
1199
1569.99
1209.89
6999.99
1199.85
1529.99
1599
3474.00
434.85
397.35
884.85
414.70
1019.99
404.82
4010.82
2079.99
3444.42
2349.38
1178.82
1078.20
1998.00
713.70
713.70
1688.70
2913.42
494.85
1272.73
649.99
883.82
2397.95
588.82
1650.82
1890.00
1799.99
2294.85
989.85
1251.99
1124.85
899.85
1835.28
1525.89
1199.99
1399.99
1532.82
3007.82
1818.70
2642.99
539.85
944.85
829.54
1379.85
1349.85
1229.99
1199.99
2249.85
1299.94
2499.99
499
673.20
708.45
3899.85
729.99
1149.99
435.42
1861.86
4288.70
1349.85
817.49
719.82
836.82
1214.95
453.66
502.02
1399.95
1299
2669.97
899.85
1650.82
1281.48
3299.85
1012.70
3852.00
588.82
1079.27
2734.56
1301.88
3204.00
2849.99
3501.06
2099.85
404.85
687.70
1762.37
3420.29
1532.82
1819.94
919.99
1126.51
1623.70
1699.99
1979
979.99
1538.18
1069
942.82
1579
958.86
699.99
1365.00
1329.86
749.85
1754.85
659.85
1299.99
3149.85
1282.31
559
850.15
3516.40
2574.00
5251.03
3990.00
1039.99
1392.59
4885.86
1456.12
2535.82
653.95
554.85
1296.82
1060.82
419.85
959.85
1100.94
719.95
1099.99
4152.42
3007.82
854.85
2059.10
3893.67
524.85
624
414.70
599.99
1496.60
1199.99
1591.82
849.99
385.02
4132.69
643.86
2209.99
884.85
545.86
755.82
829.99
690.47
1142.70
2506.95
2499.99
503.28
2122.82
939.99
689.85
485.03
726.66
4067.46
1279.99
1739.85
1768.82
719.35
611.82
910.01
1178.82
734.85
539.85
3588.91
2279.85
1499.85
1299.99
1599.99
1988.30
1499.85
1214.85
849.99
809.85
8339.06
1140.86
359.99
1549.99
2849.85
1803.67
2072.16
3238.56
849.99
287.27
2004.82
794.85
3749.85
1724.85
1363.63
1099.99
704.85
470.82
2099.85
1949.99
3438.00
2143.70
846.75
1999
3999.99
5122.95
1949.99
2706.92
554.85
849.99
3093.86
644.00
1099
1259.86
1103.70
2023.01
1755.84
1124.85
1439.99
1239.99
1677.00
1799.99
3899.99
1499.99
1149
629.85
1698.02
733.35
494.85
1499.99
2799.99
1713.36
644.85
2915.78
392
244.39
849
1244.85
799
978.60
764.60
937.86
647.82
1999.99
5346.00
2712.82
2639.85
3600.31
5651.00
1237.82
453.70
4949.99
3899.99
755.86
2299
1257.97
2374.56
1471.49
2599.99
839.85
2158.56
464.85
647.82
539.99
969.97
809.99
5616.00
629.86
825.86
1049
2646.00
914.85
2004.82
419.86
1149.99
712.31
4510.71
538.78
1998
1629.99
4479.99
2019
749.85
795.87
679
2549.85
1104.99
1249.99
519.99
3558.13
1154.85
1498.20
713.70
799.99
3114.02
1169.85
1399.86
4394.85
706.82
899.85
3399.58
1190.00
1198.95
396.71
1209
1154.55
1099.99
1369.99
2399.85
989.85
1719.99
524.85
1558.70
759.99
1689.99
1139.85
1049.85
2142.00
453.70
899
1209.99
1634.95
1106.5
1604.99
850.15
2449.99
734.9
549.99
449.85
3892.82
1229.11
999
739.99
1151.28
1329.86
1155.02
1229.02
1133.82
1874.95
2021.32
1079.27
2410.74
2546.44
883.99
2499.99
973.20
4348.15
1799
2549.85
1449.99
1559.99
3528.00
1518.30
4572.00
629.99
2765.92
1311.19
3599.85
1799.85
686.85
1399.99
3073.59
689.85
3066.82
2349.99
223.86
799.99
2049.91
2520.00
937.86
3922.96
2240.82
8258.82
1549
4842.00
1629.99
599.99
1613.19
1692.00
2099.99
5399.85
3919.96
3302.82
2211.32
2549.99
413.82
1019.85
730.98
4499.85
1399.99
1118.60
883.20
734.85
1634.95
1183.20
2658.04
1933.20
854.85
2642.02
573.86
647.82
411.82
989.70
719.85
1416.95
2179.08
1532.82
1569.59
519.71
1006.54
1609.52
1129.99
5220.15
549.99
1299.99
1069.90
1199
3749.85
974.85
2129.99
1650.82
3501.06
929.85
195.86
3338.22
539.99
2087.42
901.89
1949.96
3999.99
849.99
3281.11
599
846.75
1049.99
979.99
1959
1049.85
1699
2004.82
1178.82
929.99
1307.95
1118.60
1043.82
1574.85
5999.70
1739.85
798.00
727.86
1099.99
2399.85
1886.82
493.99
460
1307.95
1060.82
1471.49
1445.50
1649.99
925.93
1408.84
989.85
529.82
2335.22
397.30
1178.82
1801.66
671.86
712.31
899.99
2256.29
1334.85
730.62
344.85
1169.85
3310.47
879.99
644.04
1739.99
809.85
599
1761.84
1178.82
689.85
3122.46
4572.00
566.82
1094.85
657.36
2004.82
699.99
690.47
1439
1886.82
813.02
1318.06
4103.28
824.85
849.99
4032.95
2999.99
2699.85
1947.31
1048.60
824.82
849.99
1945.82
795.99
730.98
2695.12
614.85
1650.82
281.59
854.85
1151.28
1605
379
771
749.85
1233.70
1090
479.55
1414.82
1485.61
2004.82
1249.62
1328.68
1525.95
1091.99
6123.13
899.85
2099.85
479.99
414.70
619.50
2476.82
414.8
916.86
1844.85
1874.85
2617.55
1419.99
1057.00
2355.28
649.99
3023.28
2122.82
869.85
1223.82
899
569.99
1399
3449.85
509.99
656.13
588.82
653.95
3456.00
1199.85
1915.71
1669.99
2099.99
1494.28
1499.99
545.86
1688.70
2829.67
1144.00
1217.99
942.82
1049.85
824.85
699
1419.99
1307.95
3912.88
974.85
836.61
1151.28
1178.82
479.85
554.85
1349.85
416.00
4183.99
699
745
575.28
1399
2315.16
2248.20
4394.85
1279.99
1945.82
1299.99
939
3105.76
2499.99
749
549.99
979.99
4999.99
1799.85
839.99
2488.20
577.28
419.85
849.99
1049.99
4399
755.82
599.99
3147.73
538.78
1049.99
1650.82
1104.99
2916.00
1499.99
569.85
409.99
2983.20
2533.20
2309.47
1948.70
1949.85
879.99
1279.99
713.70
3103.20
1489.99
3449.85
539.85
1428.70
1144.45
919
5122.95
1190
494.85
1948.70
1178.82
858
1319.85
1597.70
1077.86
359.85
1355.82
3538.82
1219.99
3168.00
1727.27
1495.20
1199
588.82
2188.90
1414.82
1178.82
1178.82
2043.86
1599.99
1650.82
1637.63
3814.99
1178.82
997.10
1599.99
1872.00
1019.99
1532.82
629.99
863.27
1414.82
899.99
818.99
1416.95
3106.69
1473.82
2621.96
489.42
569.85
469
1638.00
1579.99
1999.99
755.27
2799.99
2358.42
1199.85
374.85
2199.99
1414.82
388.70
1398.99
1549
1269.99
499
3539.85
