1783.20
1079.28
490.36
1144.45
824.85
1493.70
1912.66
899.85
779
1899
7799.99
490.45
3899.99
599.45
3125.82
1949
1852.95
669.78
1169.85
1044.81
1133.82
1934.22
879.99
1059.99
3398.40
1650.82
1398
719.99
2240.82
1311.19
4032.95
1842.81
1099.99
1069.99
1049.99
419.85
3114.02
1301.88
547.35
1669.99
3599.27
1190.00
1149.95
3636.00
949.99
1229.02
838.98
799.99
3186.00
849.99
1379.99
507.40
3784.26
828.57
1629.99
1079.99
1623.70
2463.56
729.99
869.99
673.20
999
2829.64
900.00
1007.86
718.56
909.99
1019.99
740.99
896.1
1489.99
1999
1819.94
1403.99
851.59
3310.47
727.86
899.99
1699.99
850.15
2549.85
968.81
1754.85
1184.85
2210.14
729.99
869.99
419.85
1106.5
461.79
908.70
824.85
2004.82
870.00
3338.22
3160.08
1623.70
2549.85
1387.88
749.85
519.96
1532.82
3883.20
1761.84
1029.99
942.82
1019.85
3399
1416.95
842.22
2179.99
2099.99
2499
1819.96
3149.85
3871.82
834.99
4718.82
2546.44
675
1818.70
1078.20
854.85
2232.53
558.99
719.82
799.99
2142.00
1082.24
689.85
464.85
593
2299.99
584.85
2122.82
6724.82
862.15
1768.82
1636.70
2419
2079.99
1124.85
1959
1634.95
1223.82
573.86
1694.99
1532.82
1615.42
1099.97
3814.89
3386.60
839.85
1399.99
453.66
1532.82
944.85
2232.00
1199.99
1414.82
434.70
6134.82
1294.56
1163.51
2509.73
1818.70
2519.99
1021.86
704.85
1147.86
1274.99
1094.85
2799.99
629.86
1299.99
1079
1438.56
1239.99
629.85
999.99
549.99
885.00
399
554.85
836.82
908.21
559
3224.85
5022.00
1109.99
1799.99
1449
653.95
419.85
599.99
959.85
1648.20
497.99
2728.70
2533.20
1424.99
2639.85
904.99
3338.22
1414.82
1449.99
1229.11
3925.86
1034.85
2549.85
1648.05
2299
1001.83
1827.82
2051.99
2830.82
679
411.82
734.85
1948.20
1412.46
1049
1038.70
894.44
1399.99
435.42
1499.85
801.21
733.68
1650.82
1109.99
734.85
704.85
2915.78
908.70
1199.85
2514.58
2941.96
589.99
909.99
1299.99
2549.85
5346.00
1144.00
819.99
2181.82
2549.85
3919.96
2399.85
925.93
2449.86
1994.81
899
1223.28
1151.28
3060.92
7179.91
588.82
809.99
579.99
2599.99
1242.59
599.99
1532.82
1292.10
464.85
1669.99
2682.00
949.99
1949.85
1532.82
579.99
741.86
3923.95
1577.91
748.07
1469.86
559.86
2221.94
762.95
1218.94
1890.00
1149.99
653.95
1296.82
699.99
1178.82
5898.82
3892.82
2279.85
1178.82
702.80
2099.85
649.99
1060.82
2889.47
549.99
899.85
3007.82
730.98
4522.57
1694.94
649.99
1359.99
919.99
4686.95
3642.66
3449.85
871.99
1650.82
3726.00
654.90
2358.82
1689
1049.85
1949.99
854.85
1253.49
1178.82
909.99
819.99
762.95
799.99
1299.99
854.99
899.99
323.28
1399.95
712.62
2999.99
1039.30
559.86
3586.02
1099
3060.00
397.30
1638.00
849.99
834.7
1149.99
1246.95
450.00
2734.56
4199.85
1499.99
1349.85
729.99
1650.82
999.99
1785.81
5356.02
1420.17
896.80
1299.99
616.00
1149.99
999.99
3588.91
949.99
5999.85
4510.71
945.00
1804.99
597.99
658
3779.86
3538.82
1089.99
1549.99
987
2208.70
1689.99
3558.13
829.99
1529.99
366.47
2549.99
1538.81
579.99
1099.97
863.27
554.85
1439.28
2999
3749.85
1169.85
2849.85
1178.82
1059.99
1836.94
539.99
1419.99
824.82
4914.00
899
2729.94
1539.99
1549
659.52
784.75
1999
1089.95
3963.70
700.01
733.05
942.82
1279.99
926.45
3205.35
3902.26
1439.99
568.99
9417.58
3139.19
649.99
914.85
1663.99
1439.28
3449.85
599
826.67
824.82
385.48
329.99
1961.95
769.99
3361.82
1532.82
3058.20
1498.20
1494.99
2328.73
854.70
399.99
863.27
2468.70
1768.82
2937.02
639.99
1495.20
2309.47
869.85
1198.95
1499.99
1199
1768.82
799.99
469
3639.99
1048.20
1604.85
969.99
836.61
1746.19
881.86
3744.14
712.31
494.85
1699.99
3096.00
677.37
949
622.15
4288.70
2490.48
1021.86
1159.99
1874.95
4499.85
959.99
910.00
341.81
1549.99
644.04
2379.99
1270
706.82
1423.65
588.82
345
1311.19
849.99
4692.81
549
1742.11
914.85
969.97
1279.99
2506.95
1599.99
3313.70
1103.70
8173.96
1549.99
338.40
1367.27
2983.20
1886.82
1000
1532.82
5710.02
1634.95
679
689.85
3438.00
827.95
4152.42
675.99
708.45
835.72
1559.99
3642.66
849
669.99
577.04
979.98
1649.85
1069.99
871.99
2468.70
2827.28
1029.99
4896.00
374.85
1079.99
1739.85
4240.92
6775.07
2617.55
1439
416.00
7698.96
2409.56
1721.62
742.22
1954.99
1799
1303.20
4284.00
765.82
1189.99
2023.01
3727.62
1679.99
698.88
479.70
2265.37
2106.00
929.99
765.81
409.99
979.99
1049.85
1199.85
1099
4394.85
3573.70
739.99
2004.82
3768.70
1792.70
2254.00
1007.27
5299.99
1149.99
829.99
713.70
2188.90
379
6479.27
307.86
1149.99
849.99
818.99
910.42
2205.42
1299
1664.99
1178.82
1178.82
287.27
699.99
4199.99
1280.41
2338.70
1962.34
2699.85
1947.31
1749.99
3799.99
619.99
1419.99
7015.10
1001.82
509.85
949.99
3708.00
2914.60
2034.32
505.04
590.76
1282.31
566.82
3990.00
649.97
958.86
479.85
973.20
2506.32
899.85
1713.36
479.99
1852.31
2099.99
1249.62
1994.81
460
1645.89
374.85
648.70
629.70
10499.85
1408.91
2099.85
3399.99
884.99
1149.99
2699
3324.81
1057.00
518.70
1518.30
1699.99
1476.18
2999.99
2179.08
1659.08
1046.39
588.82
1001.83
2379.86
899.99
679.99
688.99
1933.20
689.85
4220.86
1295.28
1649.99
1467.92
1230.74
599
778.70
1439.28
4003.38
1499.99
2579.99
690.47
2043.86
5251.03
323.98
1489.99
1654.99
3573.70
7799.99
3379.99
1483.86
2199.99
799.99
942.82
1947.31
2399.99
3073.59
6775.07
5122.95
2399.85
3892.82
499.99
1886.82
795.99
649.99
939.99
588.82
929.85
1764.99
1155.02
629.85
1069
942.82
879.99
2973.31
824.82
799
449.82
1105.86
899.85
1579.99
1558.70
1244.85
1108.20
4069.82
599.55
2584.20
4103.28
619.99
3673.08
3079.99
1699
599.85
2338.70
1399.99
1163.50
844.99
2605.09
1288.20
1653.84
1233.70
1307.95
1009.99
3474.00
1233.70
1646.10
949.99
1719.99
4718.82
929.99
2260.88
3149.85
1479.99
2009.85
2099.85
909
783.86
1899.99
1303.20
1469.85
1178.82
414.70
419.85
1172.92
3383.28
1110.38
2599.99
916.86
2349
2533.20
5504.85
3599.28
805.68
1295.27
883.82
1789
4613.70
1809.39
449.85
1306.20
599.99
784.99
2238.46
1019.85
2460.31
8258.82
919.99
3049.99
3857.42
929.99
939
569.99
2489.85
989.99
899
449.85
502.02
1365.00
2999.99
1385.86
3199.99
6499.99
485.03
611.82
929.99
399.99
7499.85
1947.31
1916.34
3147.73
1118.60
1149.99
1414.82
379.67
1299.99
849
749.85
625.80
414.70
2849.85
1444.81
784.79
1149.99
1008.00
539
1743.95
539.64
4572.00
464.85
1054.99
359.85
3149
1049
1178.82
862.56
2399.85
474.81
979.99
1369.99
1931.66
794.70
3878.66
2999.99
1629.99
899
1948.70
836.82
699.97
1948.70
499.99
1724.85
1879.99
929.99
1774.99
854.85
762.89
849.99
1473.82
1444.99
3749
5308.82
764.60
794.85
1024.99
764.85
2916.00
2802.50
1129.99
2219.99
2549.99
9438.82
434.85
1099.99
1650.82
1059.99
883.31
1334.99
1198.93
2129.99
2399.85
2335.22
944.85
719.35
2199.99
1299
2655.25
2299.99
4349.85
1039.99
1747.58
464.85
1399.99
3312.00
949.99
1091.86
1025.81
1358.97
624
885.00
929.99
2617.55
850.15
829.99
1584.99
719.85
1369.99
199.99
489.86
4448.24
1118.60
1018.34
1006.54
2665.51
1609.52
2474.85
1322.78
1579
588.82
1019.85
1849.99
799.99
5292.00
899.85
805.67
529
7964.85
1499
1599.99
6999.99
874.62
2913.42
3106.69
1744.99
1039.99
435.42
464.92
1149.99
1059.99
1699.99
943.20
3037.86
549.99
824.82
1532.82
1429.99
2072.16
447.22
4949.99
791.82
4349.85
883.99
989.85
1178.82
1199.99
1209.99
809.85
1169.85
1548.31
829.99
1403.53
2149.99
1959
1948.20
2179.99
954.99
859.99
1322.86
2155.60
4399
4836.82
764.85
2699
1768.82
2847.34
492.70
1499.85
879.99
2621.96
1060.82
2004.82
3006.00
2520.00
397.35
3871.82
362.70
749.85
8449.99
2942.99
2939.85
729
934.99
911.40
2149
884.85
538.20
1012.70
3923.95
1217.86
871.95
4028.70
899.85
1650.82
1178.82
539.85
854.85
1379.99
2149
2729.86
408.42
1064.85
1650.82
2349.99
2852.06
1899.99
1099.99
1597.70
1879.99
1246.95
2004.82
404.85
359.99
1819.99
1886.82
979.99
1532.82
431.26
1798.9
869.85
1944.90
2399.85
437.85
980.95
3574.99
2419.99
1199
1219.99
5655.74
749.85
2299.99
1089.99
1629.99
3871.20
933.66
809.99
1890.00
999.99
1499.99
1299.99
899.99
1049.99
1414.82
1199.99
1209.99
734.9
1004.99
934.99
1379.85
5292.00
2129.71
919.99
1239.99
699.99
2099.85
1383.01
1029
979.99
869.99
1886.82
1473.82
3184.82
974.85
1179.99
1283.70
1099.99
943.99
809.85
6119.48
1439.28
1445.50
281.59
615.96
2249.85
1334.58
1599
899.85
1299.99
677.37
1399.99
368.87
1599
1149
899.99
863.28
1499
429.99
730.98
762.95
919
404.85
799.99
1883.70
4348.15
2135.80
5198.70
1499.99
1414.82
1299
614.85
1199.85
447.86
2072.16
749.99
1060.82
1049.99
472.35
539.85
2403.70
1499.85
397.30
6212.95
1464.38
1303.20
1735.99
648.70
999.99
1680
649.99
2196.00
942.82
824.82
699.99
554.85
2466.00
1414.82
1844.18
1147.86
896.80
849.99
1699
3399.58
3524.85
1279.99
1004.99
4535.27
1844.85
734.85
989.70
419.85
1499
531.86
937.86
968.81
909.86
1094.99
1214.95
1699.99
959.85
699
869.99
1416.99
1799
396.71
1399.99
1328.68
2708.10
5308.82
869.99
1099.99
2122.82
899.99
1471.49
704.85
2802.50
849.99
869
1070.86
969.99
1289.73
1079.27
3281.11
2308.20
3075.91
3443.70
2466.00
1272.73
1394.99
1199.99
1119.99
871.95
2899.62
1499.99
614.85
1993.20
1178.82
4069.82
749.70
973.70
685.86
764.85
3449.85
1214.85
1229.99
2999.99
3095.28
3075.91
2209.99
829.99
649.99
924.99
2621.96
1199.99
569.85
1768.82
854.85
719
1251.99
1935.20
3509.32
852.46
300.86
1281.48
867.86
1908.00
1739.85
942.82
1399.99
1479.99
477.40
1038.70
899
549.99
942.82
1384.14
789.99
1049.99
929.99
1025.42
2028.42
1077.86
3532.92
2174.85
1782.00
433.69
2506.93
2488.32
1249.99
794.85
4350.66
1429.99
1949.99
914.85
3816.00
824.85
949.99
1554.99
599.97
824.85
2799.99
422.80
1420.72
1327.50
515.16
1948.70
3199.99
2534.99
1889.86
1379.85
1634.95
649.99
2593.20
3420.82
344.85
1979
1524.99
824.85
3899.99
2038.20
1679.99
1569.99
3870.00
2393.82
1009.99
1479.99
2682.00
989.85
1399.99
585.95
1772.36
629.99
1816.02
704.46
1690.81
283.37
1273.22
797.22
799.99
4157.37
912.14
2288.95
1532.82
2712.82
1634.85
1100.94
649.99
1886.82
2349.99
1298.70
899.99
939
1698.02
1236.60
3978.00
414.70
1019.85
2358.82
849.99
1094.85
4266.00
556.96
1199.99
1178.82
2712.82
1392.59
2122.82
1459.99
2999
1000.80
1414.82
1189.99
692.77
1599
6123.13
3125.82
2533.70
519.75
3269.95
949
1559.99
809.85
2999.99
733.35
1101.45
1899.99
4294.02
470.82
790.56
1416.95
2998.20
419.85
1119.82
791.00
2830.82
999.99
941.22
2014.99
1399.99
644.99
1428.70
629
1336.94
1774.99
1149
629.85
2344.66
1139.99
698.99
8578.70
1677.00
944.85
609.99
785.99
8339.06
2491.09
874.99
1269.99
1063.81
1009.99
937.86
799.99
1529.99
3054.94
2358.82
1999
2199
1129.99
1650.82
1244.85
3105.76
926.45
359.85
1419.99
1677.96
763.00
2699.99
447.22
1307.95
2858.70
388.70
1949.85
1767.64
1739.99
1149.99
2499.99
1296.82
819.99
1019.99
1039.99
1199.99
998.28
1184.85
643.20
545.86
984.99
4718.82
1534.99
3118.70
1580.45
3869.22
699.99
701.85
1852.95
549.99
1886.82
1949.85
899
2549
1007.30
762.95
1706.93
1355.82
4522.57
461.86
3749.85
706.82
944.85
2249.85
764.85
989.85
1398.99
1149
944.85
749.99
2299
1949.85
2299.99
1199.99
1144.45
1646.98
3774.82
1454.70
1574.85
1679.86
1395.19
2807.27
599.99
1362.45
799
1465.09
1742.11
1479.99
919.99
5143.62
3294.00
829.99
2189.99
470.82
599.99
629.86
5489.85
5879.86
929.85
989.99
2790.00
2249.99
1449.99
1615.42
1549.99
482.96
3149.99
569.85
849.99
2375.28
3002.50
809.85
599.99
4655.10
1999.99
2374.81
1106.75
3898.70
4333.20
7015.10
1383.01
1519.99
1576.48
2967.63
1167.02
611.82
1237.82
1151.27
1743.95
2658.04
649.99
1218.85
1149.99
1818.70
1299
686.85
1431.34
959.85
3078.62
1464.99
749.99
1045.35
3396.04
1099.99
2833.95
1296.82
1949.99
1569.99
509.99
2692.81
1414.82
2249.70
1178.82
1765.79
2179.95
3774.83
506.22
2948.82
1245
1896.01
849.99
804.99
753.20
989.85
1429.99
2499.99
1768.82
1499.85
2237.28
1915.71
2008.87
1591.82
5399.85
1367.28
813.02
3248.70
673.20
1192.98
3057.84
1054.99
1099.99
554.85
5483.46
699.99
944.85
2004.82
4209.99
706.82
1049.85
5122.95
824.82
1613.19
899.99
997.10
1139.85
762.95
577.35
1599
1198.89
493.99
1021.86
1367.28
479.55
539.78
972.61
1414.82
3599.85
745
5616.00
836.62
599.99
5662.82
2808.40
2358.82
2001.28
824.85
2844.00
1229.11
1199.85
1861.86
518.94
2499.99
2925.51
1043.82
949.99
1279.99
683.82
2239.64
849.99
909.99
2233.20
1367.62
1319.85
2899.99
2399.99
2122.82
644.85
329.70
1294.56
1021.86
1948.70
1605
1362.49
2594.82
1241.19
1049.99
1494.99
1532.82
2049
1416.95
889.99
849.99
987.81
4032.95
4129.86
2358.82
5549.85
7674.48
1049.85
549.99
1530.00
1244.99
1711.00
2912.15
1178.82
1049.99
1019.99
1886.82
1979.99
529.82
2632.58
846.75
1199.99
2019
3315.80
3139.98
1060.82
2299.82
2099.99
647.82
2143.70
2399.85
989.99
2942.53
921.31
1416.00
3122.46
999.99
11999.85
1178.82
1132.60
507.50
2999.85
519.99
1424.99
1049.85
2849.99
385.02
2937.02
539.99
4499.85
2520.00
431.27
764.82
899.99
2388.99
216.35
1198.89
859.99
1499.99
1434.88
849.99
849.99
949.99
1644.92
1549.99
614.85
1849
6484.37
949.99
1318.06
974.99
1634.95
1689
4608.00
3358.95
1939.99
2419.99
2122.82
2699.85
1231.86
1168.70
2375.28
1057.00
1649.85
1768.82
1114.56
1774.99
566.82
1558.70
1727.70
1727.27
549
1500
1889.99
4152.42
2565.32
1294.99
5426.82
779.99
4103.28
1364.99
749.85
5699
949.99
1099
569.99
10049.85
1174.99
1299.99
1500.96
1249.99
1485.61
3068.31
1399
1550
422.98
2654.19
849.66
1179.99
599
2849.85
1106.85
3149
709.99
741.86
643.99
689.85
3942.00
849.99
2016.62
899.85
3150.00
1399.99
599.85
3249.99
1079
2983.20
1844.71
1049.85
2574.00
3089.24
4132.69
575.28
689.85
539.85
1207.70
869.22
1867.94
1599.99
1569.59
644.85
699.99
2099.85
544.95
1237.82
2358.00
4999.99
1886.82
1149
1289.99
2599.99
4104.00
1168.70
4067.46
1228.97
719.85
1169.99
429.99
2849.85
1349.85
479.99
629.99
4289.99
2339.94
1199.85
740.81
929.99
1768.82
1549
4659.82
884.85
4054.48
2803.20
2211.32
1144.45
615.52
435.95
479.99
1004.85
824.85
1178.82
963.26
816.77
1525.89
3079.86
1129.99
414.65
499.99
734.85
1949.85
493.81
419.86
1564.99
589.99
2649.99
699
869.85
617.49
2085.99
615.99
788.55
2490.48
244.39
2594.82
649.99
1296.82
1929.99
1663.96
1004.99
689.99
2849.85
1217.76
928.20
1099
2449.99
1280.41
524.85
3749.85
1899.99
1864.99
829.99
2487.44
1214.99
1886.82
554.85
824.85
1889.86
1079.27
647.82
1699.99
2124.85
1004.99
899.99
3999.99
889.99
647.82
625.80
529.99
1329.86
1768.82
1199.99
5922.42
1104.99
2209.99
408.42
1595.81
769.31
3583.20
1688.70
1532.82
1178.82
704.85
1004.85
1129.99
509.85
2099.85
419.86
699.99
1383.01
849.99
820.02
799.99
2128.20
5101.19
1608.46
1043.82
908.70
599.88
2724.95
3173.02
1804.22
778.70
869
726.66
1499.85
713.70
2099.85
1329.86
1078.20
699.99
1405.81
1178.82
999.99
1835.28
359.99
1172.92
914.85
2404.99
1007.27
1399.99
1293.28
1199.85
3434.99
1688.70
1642.17
1354.99
985.30
1334.85
1039.99
1099.99
798.00
899.85
1494.93
1799.99
1886.82
2844.00
1183.20
2659.86
972.10
1792.42
2913.42
2268.00
545.86
1240.20
644.85
2999
790.56
1399
1299
4199.85
3420.00
3558.13
1755.84
2549.85
2099.85
2059.10
2878.31
779.94
1532.82
5367.82
1217.99
899.99
3547.08
2829.67
3499.99
1599.99
798.00
712.62
2081.89
5220.15
919.99
1168.70
1499.99
2699.99
599.85
1299.99
1408.84
1502.14
5589.94
1599.99
1349.85
1644.99
589.68
3999.99
2879.28
4659.82
1143.42
1246.95
879.99
1949.99
554.85
1644.50
778.70
1049.99
1339
4212.00
1349
369
1060.82
1699.99
799.99
1184.85
794.85
892.35
1349.85
2099.85
2800.98
1149
1249.99
919.21
1169.85
783.88
764.99
1299.03
1988.30
1414.82
2615.99
1499.99
1349.25
739.99
1650.82
755.86
1649.85
824.99
1949.85
2642.02
1199.85
708.45
1634.95
1354.99
649
460
944.85
1053.33
1947.31
919.99
2004.82
844.99
2999.99
2240.82
1060.82
2299.99
2506.99
1499.85
899.85
524.85
389.85
729.99
3420.29
529.99
727.57
689.85
739.99
2630.22
1499.85
1099.99
1649.85
576.62
449.85
2499.99
699.99
749.99
749.85
2397.95
799.99
749.99
1754.85
801.22
1499.99
901.89
1451.40
1289.85
719.85
5099.85
7003.30
541.99
981.78
899.99
494.42
1827.82
5039.27
1949.96
1199.99
11999.85
1140.86
1414.82
1445.50
1079.85
2499.99
1269
739
2099.85
1690.81
2684.89
2716.81
778.70
2519.27
699.86
706.82
929.85
1151.28
2844.00
1768.82
1274.85
479.99
1472.31
1194.99
713.70
1104.99
2999.85
1808.94
973.20
849.99
909.99
1782.00
3798.00
2717.54
690.47
829.99
1178.82
1314.99
719.85
1818.70
336.70
599.99
795.87
3393.68
2803.20
3516.40
1449.99
4246.82
1489.99
1349.85
4333.20
1818.70
494.85
1818.70
2615.95
1499.99
914.85
9438.82
1464.99
1699
829.54
3103.20
410.64
1799.85
2005.59
799.99
1799.99
1229.11
999
999
979.99
2799.99
1579.99
1579.99
1031.22
2934.00
1296.82
453.70
989.99
589.99
2747.59
1779.26
538.86
2839.08
1414.82
3999.99
1367.28
1695.66
1529.99
2299.99
653.95
503.86
735
1190
1649.99
1899.99
1349.99
434.85
755.82
974.85
599.85
414.8
1149.99
2488.20
1019.99
1199.85
1294.56
1967.38
699
489.42
2901.49
654.90
1124.85
1816.02
1539.86
3892.82
2476.82
615.78
1199
749.99
569
795.00
1303.90
942.82
1852.22
1049.85
569.85
924.99
1416.95
742.22
2476.82
1399.99
2669.97
1724.85
1799.99
1849
665.82
1269.99
2165.30
1634.99
1497.42
2417.82
825.86
1209.89
1834.90
1089.99
2169.99
2110.23
475.86
1768.82
3186.00
980.95
749.85
4842.00
699
1079
1879.99
329.85
1310.81
719.85
1363.70
2256.29
2399.85
939.99
545.86
2949.99
1929
1499.85
5999.85
1498.20
1494.28
4183.99
949.99
1688.70
728.08
4274.85
4101.91
3914.72
1580.49
599.99
1129.99
929.85
1799.28
1439.28
1999.99
1199
749.85
1498.20
1354.99
1854.99
5753.68
1999
1998.92
762.95
669.42
737.82
896
1849
764.85
2728.70
2249.85
999.99
939.99
1801.66
2693.57
2358.82
1558.70
4659.82
439.99
3204.00
999.99
569.85
223.86
2975.29
1599.99
8719.99
1178.82
1199.99
3857.48
3829.99
999.99
819.99
919.99
1619.99
755.27
1620.00
1060.82
3499.99
2478.00
738.96
853.10
6498.70
2358.42
499
1050
1414.82
3150.00
979
978.60
1899.99
2249.85
726.60
1178.82
1142.70
699.99
2535.82
6134.82
1980.00
794.85
2668.96
769.86
1650.82
1369.99
899.99
2999.99
3066.82
1827.82
489
1597.99
1451.27
2849.85
899.99
2322.00
7499.85
734.85
1709.82
992.87
3508.70
2086.00
1959.86
463.14
1063.86
3501.06
1998
1757.73
3023.28
477.40
966.42
2358.82
1178.82
3168.00
524.85
3499.99
749
1624.99
4124.85
2183.86
4608.00
1762.37
1322.86
3079.86
1139.85
948.99
1882.98
1198.20
3232.02
464.85
3456.00
1451.86
464.85
749
1534.99
2179.99
2244.85
1538.18
2948.82
769.99
1499.85
1473.82
1090
665.82
2729.86
1532.82
1999.99
2997.49
1633.81
1154.99
434.85
669.99
1428.70
1999.11
539.85
258.70
2409.49
2275.04
2799.99
987.81
1414.82
1709.82
611.82
1947.31
1584.00
623.99
749.85
708.45
999.99
3896.71
1150.50
706.82
1079
935.27
2290.20
1949.85
944.85
1379
494.85
1244.85
799
2211.86
1779.99
609.99
817.70
729.99
3501.06
1064.85
2079.99
713.70
5058.66
615.78
4949.85
3286.81
1314.99
719.95
362.70
629.99
3638.70
4885.86
949.99
743.99
1944.90
4734.00
1189.99
3393.68
1274.99
2118.31
2294.85
2099
2712.82
4049.99
3852.00
1099.99
1104.99
1079.27
1591.82
6758.70
1178.82
2849.85
1139.99
1834.45
1158.90
6499.99
653.95
729.99
919
1650.82
1479.99
899
899.85
4288.70
1030.14
1664.99
1209.99
1669.99
499
899.98
644.00
6136.81
949.99
2350.56
1700.80
2806.04
809.85
409.99
1099.99
1688.70
539.85
904.99
1099.99
9406.96
4895.82
1060.82
1149.99
3066.82
1979.99
1001.82
825.86
2160.00
999
928.20
1149.99
749.99
1599.99
539.85
1054.92
3949.99
2279.99
909.96
649.99
824.85
1229.85
989.85
1249.99
1456.12
1688.70
538.78
949.99
1222.63
3683.44
624.22
1234.99
599.85
1099.99
2999.99
2099.70
1209
2132.26
619.99
629.85
1709.99
509.85
647.82
2175.92
659.85
1999.99
689.85
659.85
1149.84
1768.82
2703.99
1949.85
999.99
671.86
2978.06
479.85
4199.62
3942.00
854.85
879.99
3599.85
1172.92
3715.82
762.95
2849.99
2728.70
1130.31
899.99
399.99
1199.99
1999.95
899.85
195.86
4479.99
1949.85
1814.84
4086.00
1185.09
2159.29
979.99
687.70
929.99
1711.00
1709.82
1999.99
1469.99
1573.95
359.85
1990.66
1253.49
1499.85
1799.85
859.99
3361.82
1060.82
577.28
1049
2624.85
3361.82
1870.56
1599.99
1650.82
538.56
2024.99
1296.82
652.91
969.99
869.85
734.85
1139.85
2199.99
2122.82
1279.99
599.99
1009.99
569.85
3899.85
2549.85
1471.49
1532.82
1307.95
712.31
3444.42
3951.82
2412.00
3774.82
3302.82
2520.00
588.82
1088.99
1199.99
989.99
516.98
1831.19
2594.82
539.85
10264.82
2099.99
929.85
3049.99
1532.82
871.93
1184.85
667.80
1178.82
829.99
883.99
1799.95
789.99
820.98
539.85
1119.82
1699.99
819.99
1119.99
1939.99
1379.99
979.99
759.99
549
644.85
4151.31
1688.70
549.99
2535.82
1139.99
2699.85
1598.99
1768.82
4896.00
1449.97
2765.92
1532.82
1269
3490.56
1331.71
404.82
2374.56
2924.85
1604.99
999
2830.82
1634.99
2923.70
1844.71
2079.99
3377.96
1634.95
824.85
2659.99
706.82
839.99
3484.99
657.36
599.87
879.99
1434.99
1949
899.70
2024.85
1281.48
799
2799.99
1416.45
1799.99
1414.82
1655.28
1532.82
2158.56
984.99
1663.20
5651.00
4468.66
749
2209.99
3899.99
1133.82
729.99
794.85
435.95
1588.21
2459.99
2617.55
809.85
6123.13
959.99
449.85
641.92
999.99
1094.99
1664
1099.99
2122.82
5418.00
1469.86
1529.99
1549
649.99
1532.82
1054.92
1299
1944.90
1061.96
839.86
2099.99
2021.32
3394.99
846.75
846.75
2499.99
539.00
1099.99
771
1038.70
1998.00
2383.20
809.85
836.82
1859
769
1113.92
399.99
1334.85
2398
1488.99
730.62
3179.85
1154.55
1151.28
1199
1014
1099.99
1178.82
947.70
1699.99
949.99
2249.85
2674.99
1899.99
2574.00
2617.55
2416.70
1690.81
494.85
650.99
2004.82
671.86
1392.56
1650.82
643.86
674.85
1178.82
344.85
908.70
6159.14
1169.99
4799.85
1049.99
1149.99
645.29
2399.99
1349
1024.99
910.01
1886.82
602.00
1079.82
2449.99
1049.85
3600.31
3344.99
509.85
4199.85
929.39
4054.48
1829.00
1689.96
974.85
1757.99
974.85
2397.95
2349.38
1129.99
1029.99
1084.99
1069.90
1304.85
2129.99
3093.86
1536.91
459
4718.82
863.27
1091.99
1139.99
1724.85
6191.46
824.85
849.99
549
2039.99
1089.95
1004.85
554.85
1650.82
899.99
769.76
3239.28
739.99
839
656.13
569.85
749
829.99
989.99
1059.64
1172.92
2358.82
829.99
1439.85
1739.85
405.86
499.99
2196.00
3007.82
2087.28
764.85
1199.99
599
1424.85
1077.86
916.86
1913.96
492.70
999.99
1640.20
1449.99
730.98
699.99
611.82
1589.99
704.85
2469.81
10049.85
1419.99
1710.00
1244.85
1009.99
1280.30
3912.88
503.28
2889.82
3158.56
2338.76
2549.85
854.85
1899
689.85
392
749.85
929.99
2712.82
559
2099.99
3379.99
1532.82
2894.85
625.40
453.70
6109.99
2710.46
824.85
590.44
329.22
2009.85
2299
2338.70
849
921.31
2706.92
1947.31
1497.42
4620.88
599.85
1650.82
1236.09
2278.09
1945.82
2739.99
869.99
699.99
599.85
1199.99
3324.99
1199.99
944.85
1174.99
1649
479.70
1768.82
2642.99
990
1177.64
1019.99
1803.67
2122.82
300.86
1304.85
674.85
1999.99
1399.99
1062.60
1686.15
849.99
1047.84
1569.99
2248.20
4408.95
4679.99
1499
1355.82
1178.82
749.99
1532.82
1399.99
880.28
1354.99
1019.99
1416.95
1035.45
1019.85
404.82
949.99
2496.10
1742.11
1948.70
1389.99
3656.82
3024.00
1948.70
2549.85
431.06
1348.20
4467.48
459.61
2087.42
1880.92
695
2199.99
1035.31
699
899.99
3899.99
794.85
2410.74
1398.99
1485.61
1532.82
2209.99
1069.99
811.86
653.95
6030.18
1438.42
1692.00
1599.99
2149.99
4012.00
1532.82
405.86
2520.00
1198.95
849.99
2973.31
879.99
1886.82
914.85
1559.99
2099.86
1694.99
764.85
883.82
3749.85
2948.82
1849.99
839.99
1899.99
942.82
3749.85
1879.99
1199.85
1945.82
2858.70
1549.99
1441.99
1149.99
1199.99
809
1474.99
1902.16
829.99
3459.99
899.99
2049.91
1249.99
729.99
1599.99
1532.82
1124.85
4394.85
1899.99
1098.71
1799.85
524.85
1249
1539.99
1254.99
1655.57
959.85
5249.82
1019.85
2674.99
6120.00
1504.20
2646.00
2242.00
2699.99
1191.78
619.50
755.86
1999.99
2599.99
739.99
2309.47
5721.82
6134.82
2476.82
2599.99
1114.56
974.85
1599.99
849.99
706.64
2231.28
1057.00
713.70
1219.99
749
1199.99
1179.99
3199.99
1294.99
5999.70
3538.82
1018.84
1399.99
1063.99
1882.10
1949.85
3066.82
1599
1961.99
1532.82
419.85
765.82
1249.99
1525.95
1469.10
650.85
116.82
1529.62
2099.85
1399.99
2128.20
700.92
1650.82
1219.99
1924.99
929.99
2352
3078.62
1298.70
4394.85
1099.99
1519.99
593.82
4104.00
1269.99
1388.86
284.81
3893.67
755.82
479.99
1999
1099.99
1329.86
1178.82
959.22
519.71
4294.02
2039.70
824.85
1178.82
849.99
1496.60
1048.60
2199.99
1799.85
4423.82
1021.86
849.99
1637.63
1219.99
1852.19
1896.71
284.21
1296.82
1414.82
1149.99
4009.57
1236.60
5040.00
1393.02
1874.85
2476.83
2519.86
2315.16
1599.99
726.60
4499.85
779.99
980.95
1343.99
4572.00
3528.00
1363.63
1416.45
2279.99
3137.62
1889.86
1099.99
1099.99
929.99
969.99
759.99
868.20
629.86
599.99
499
777.09
4149.99
4274.85
1019.85
1178.82
1849.99
1126.51
649
679
1949
4572.00
1499.99
999
1858.20
1079.28
1532.82
7772.66
2729.85
629.99
2729.85
1471.49
1103.70
1103.70
2149.99
399.99
3184.82
649.99
899.99
508.20
1257.97
1349
649.99
671.22
1369.99
1331.71
858
824.99
1688.70
2355.28
942.82
1599.99
3539.85
3299.85
799.99
999.99
647.28
1349.99
734.85
1199
1428.70
1027.81
935.86
1599.99
1199.99
434.85
2999.85
2999.85
817.49
599.85
2679.99
919.99
1599.99
1579.99
1279.99
4010.82
734.98
1886.82
914.85
3132.00
749.85
719.85
1416.95
859.99
3238.56
579.99
899
1499
3749.85
1734.99
1004.85
5002.02
599.99
232.70
813.95
3149.54
1299.99
1689.99
3774.82
514.99
679.99
824.82
2264.42
701.85
1049.99
874.62
2099.85
1872.00
1403.53
3922.96
2724.95
1049.85
1496.57
1766.46
819.99
1010.64
818.92
980.95
1077.82
2723.96
2699
1558.70
2049.99
1199.85
1471.49
1414.82
809.99
749.85
1219.99
1444.99
1357.00
658.20
849.99
3814.99
1161.99
4364.82
6238.70
3538.82
854.85
1399.86
1829
1274.85
949.99
1949
2695.12
5616.00
7799.99
1100.94
1290.92
1680.00
3051.36
1259.86
1814.99
3898.70
770.52
538.78
925.33
1299.99
969.99
939.99
2288.95
599.45
909.99
1916.32
1089.95
4122.00
1899
937.86
1307.95
909.99
1249.99
1299.94
799.99
694.62
624.24
919.99
1504.20
1799.85
1131.62
799
639.99
1469.85
765.81
849.99
944.85
1199.99
1429.99
2709.28
1307.95
883.20
1549.99
3181.28
1329.9
675.75
1355.82
1019.99
1669.99
413.82
748.07
874.99
819.99
2279.99
1237.82
1272.70
1349.99
2069
1739.85
1154.85
2901.49
1289
1532.81
1034.85
973.20
734.85
2659.86
588.82
611.82
538.78
1957.62
1449.99
322.81
1499.85
479.70
1814.99
518.70
1249.99
1379.99
4917.06
1789
1399
1149
899.85
2999.85
2088.00
1189.99
1532.82
1169.99
1414.82
1054.92
3951.82
576.80
2520.00
1299.99
