283.37
559.86
447.22
461.86
615.99
899.99
1549.99
899.99
1804.22
1615.42
1099.99
1149
719.95
1043.82
1043.82
763.00
798.00
885.00
545.86
1343.99
539.00
602.00
1948.70
869
1999.11
795.00
854.85
839.85
1518.30
1882.98
1010.64
459
1768.82
1223.82
867.86
849.66
702.80
1217.99
1844.18
949
849
566.82
749
1007.30
919
1499.99
2210.14
2728.70
990
2232.53
1899.99
1699.99
1408.84
1680
1899.99
1048.60
1700.80
1231.86
2519.86
116.82
2122.82
1532.82
1899.99
1550
1245
1608.46
1680.00
1499.99
1301.88
1829
1129.99
1999
1363.63
2605.09
2594.82
3768.70
1899
733.35
809.85
899.85
1858.20
1079.82
826.67
1251.99
1049
1063.86
1949.99
1801.66
1008.00
1178.82
1167.02
1768.82
652.91
741.86
1099.99
1149
1133.82
1133.82
1399.95
1190.00
645.29
539.85
1257.97
629.85
614.85
644.85
1094.85
3883.20
3583.20
2533.20
419.86
599.99
579.99
479.99
477.40
422.80
589.99
589.99
447.86
450.00
385.02
519.75
493.99
518.70
410.64
507.40
464.85
509.85
734.85
524.85
449.85
554.85
599.85
599.85
479.99
479.99
667.80
712.31
740.81
518.94
765.81
538.20
435.95
653.95
490.45
653.95
599.45
502.02
765.81
359.99
399.99
734.85
474.81
599.45
576.80
405.86
405.86
470.82
477.40
503.86
463.14
408.42
544.95
359.99
435.42
408.42
431.26
392
699
558.99
625.40
464.92
1039.99
972.61
599.85
569.85
589.99
549.99
619.99
503.28
648.70
519.71
2383.20
653.95
708.45
706.82
399.99
649.99
569.85
629.86
539.85
647.82
439.99
909.99
799.99
708.45
647.82
688.99
549
708.45
1163.51
799.99
764.60
734.9
516.98
609.99
2242.00
2016.62
2338.76
1935.20
2642.02
3232.02
981.78
749
1049
599.99
1934.22
2496.10
1416.95
969.97
699.99
899.98
1799
1599
1147.86
643.99
1416.95
649
649.99
649.99
399.99
849.99
701.85
671.86
644.00
704.85
679.99
699.99
599
779
928.20
519.96
1207.70
1038.70
929.85
928.20
494.85
944.85
719.85
547.35
989.85
689.85
614.85
524.85
719.85
730.62
622.15
919.99
489.42
1690.81
719.35
554.85
539.85
397.30
569.85
1021.86
1132.60
1104.99
597.99
835.72
949.99
1049.99
825.86
554.85
794.85
665.82
2004.82
1852.19
479.99
817.49
414.8
1690.81
1465.09
1218.85
1803.67
894.44
539.64
566.82
737.82
1476.18
972.10
963.26
740.99
1078.20
706.82
942.82
1962.34
1100.94
1364.99
2175.92
2852.06
1451.40
1576.48
2059.10
1713.36
2205.42
909.96
1234.99
1242.59
623.99
1039.99
1439.28
1151.28
1558.70
728.08
644.99
590.44
899.99
1091.99
771
1199
849.99
1746.19
870.00
1108.20
943.20
539.85
1532.82
1199.85
644.85
794.85
569.85
701.85
713.70
734.85
649.99
849.99
749.99
2004.82
1852.22
1818.70
868.20
973.20
973.20
1648.05
1663.20
624.24
647.98
943.99
849.99
1479.99
1183.20
1664.99
1814.99
704.85
658
1706.93
1089.95
1199.99
549.99
999
974.85
599.99
801.21
1623.70
3037.86
1861.86
937.86
1387.88
733.68
937.86
514.99
974.85
2393.82
1178.82
1178.82
942.82
1414.82
942.82
883.82
942.82
675.99
1109.99
1599
644.85
910.00
2309.47
1151.28
1299
948.99
1021.86
611.82
1021.86
706.82
1185.09
734.98
699.99
482.96
599.87
779.94
1270
1061.96
460
1228.97
1489.99
699
673.20
673.20
733.05
1299.94
1229.11
1349.85
1392.59
658.20
643.20
929.99
739.99
649.99
699.99
499.99
699.99
799.99
849.99
1059.99
1279.99
819.99
859.99
698.99
1246.95
1416.99
1029.99
1178.82
706.82
999.99
949.99
849.99
749
689.85
729.99
749.85
593
749.99
764.85
599.99
695
858
919.99
1155.02
899.99
829.99
2491.09
2942.53
1336.94
1497.42
1834.45
1172.92
1469.10
2122.82
1650.82
1100.94
1054.92
1913.96
1792.42
3338.22
1650.82
2546.44
2355.28
2135.80
2344.66
1004.85
2565.32
1499.85
1082.24
1355.82
1178.82
1439.28
1467.92
1306.20
1045.35
2358.82
1001.82
851.59
929.85
919
1124.85
1064.85
899.85
1499.99
1499.99
1944.90
1399.99
2599.99
1399.99
1599.99
2534.99
1199.99
914.85
1079.85
1103.70
1295.28
3103.20
2533.20
739.99
2335.22
2087.42
3338.22
1124.85
2599.99
1139.99
1359.99
879.99
1471.49
1362.45
1416.95
649.99
1149.99
1249.99
1369.99
1569.99
1669.99
1236.09
1178.82
1060.82
1089.95
1119.82
784.99
1933.20
576.62
1062.60
2913.42
1296.82
1290.92
929.85
1296.82
699.99
539.99
1886.82
1768.82
1532.82
2476.82
1944.90
1414.82
1379.99
1499.99
1029.99
825.86
989.85
1147.86
1060.82
769
942.82
698.88
789.99
1099
909.99
2278.09
2942.99
2005.59
1646.98
1004.85
699.97
869.22
730.98
726.60
625.80
1439
785.99
939
2019
2179.95
712.31
369
399
729.99
649.99
883.31
899
871.99
849.99
738.96
1151.27
679.99
899
854.85
1091.86
854.85
899.85
859.99
899.99
1049.99
979.99
741.86
650.99
730.98
749
839.99
559
569
699.99
1049.99
901.89
1106.5
1379.99
1079.27
849
1529.99
1599
1094.99
827.95
529.99
783.88
690.47
748.07
614.85
764.85
824.82
769.31
1818.70
1827.82
549.99
689.85
599.85
818.99
1079.28
704.85
689.85
734.85
734.85
569.85
374.85
824.85
778.70
900.00
809.85
719.85
749.85
713.70
687.70
677.37
862.15
846.75
742.22
727.86
611.82
824.85
892.35
679
677.37
692.77
769.76
449.85
449.85
539
762.95
653.95
871.95
545.86
712.62
422.98
554.85
811.86
937.86
531.86
769.86
629.86
753.20
685.86
700.01
910.42
643.86
659.85
734.85
749.85
625.80
616.00
559.86
629.86
734.85
749.85
762.95
675.75
617.49
777.09
529
649
730.98
1154.85
449.82
1099.99
1929.99
784.75
762.89
762.95
762.95
784.79
910.01
1106.75
2265.37
809.85
1349.85
809.85
1172.92
824.85
896.80
2716.81
704.46
944.85
1289.85
593.82
1303.20
1348.20
880.28
1383.01
944.85
1485.61
1412.46
1416.00
997.10
734.85
1048.20
1663.99
942.82
1006.54
883.20
1078.20
998.28
1949.99
1113.92
1047.84
1281.48
1049.85
1650.82
1357.00
1004.85
1329.86
1178.82
1059.64
1698.02
824.82
1192.98
2004.82
1456.12
1532.82
1281.48
1178.82
1414.82
1367.62
1709.82
2128.20
1615.42
3078.62
1288.20
1504.20
3774.82
909.99
1597.70
1103.70
1414.82
1504.20
1054.92
1001.82
1172.92
1755.84
1439.85
1355.82
1591.82
1532.82
944.85
641.92
615.96
700.92
1499.85
599.85
749.85
1532.82
1094.85
944.85
899.70
1414.82
883.99
862.56
899.85
1294.56
1494.93
718.56
824.82
1319.85
729
499.99
1334.85
799
1069.90
1493.70
909
1069
1149
679
675
749.85
739.99
549
1334.85
739
1049.85
674.85
1244.85
659.85
764.85
1588.21
794.85
869.85
629.70
944.85
799
999
869.85
674.85
1178.82
1229.11
1039.30
929.99
799.99
794.85
824.85
929.85
869.85
899.85
854.85
1489.99
1198.20
854.85
1237.82
854.85
1273.22
829.99
1178.82
1303.20
1063.99
648.70
719.85
1768.82
749.85
884.85
2399.99
2509.73
929.99
824.85
869.99
729.99
799.99
1168.70
908.70
1038.70
1688.70
713.70
778.70
1272.70
914.85
764.85
854.85
817.70
1012.70
947.70
799.99
849.99
929.99
629.99
599.99
649.99
1299.99
729.99
999.99
690.47
1367.28
1079.27
1367.28
748.07
694.62
659.52
925.33
1237.82
1414.82
1060.82
942.82
1044.81
1168.70
1168.70
669.99
789.99
1399.99
1899.99
644.04
764.82
874.62
669.78
842.22
3078.62
1532.81
499
1142.70
1429.99
749.99
1637.63
1414.82
1059.99
939.99
849.99
989.99
1199.99
1199.99
1489.99
1689.99
1619.99
1654.99
1694.99
1804.99
1644.99
1009.99
934.99
984.99
1084.99
1394.99
1294.99
729.99
699
1831.19
1246.95
1253.49
1362.49
1395.19
926.45
1198.89
926.45
1144.45
1198.95
762.95
871.95
850.15
1144.45
1439.99
1539.99
1049.99
1694.99
1009.99
984.99
1383.01
434.85
816.77
828.57
1119.82
1158.90
818.92
824.85
1369.99
1283.70
649.99
749.85
1191.78
1114.56
671.86
978.60
615.52
783.86
1021.86
549.99
770.52
545.86
1021.86
791.00
573.86
899.85
1354.99
1604.99
1532.82
1249.62
1178.82
1178.82
1178.82
1613.19
1178.82
1143.42
116.82
1331.71
1229.11
764.85
824.85
649.99
1249.99
1434.99
1474.99
1564.99
1584.99
1307.95
973.70
935.27
647.82
726.60
824.85
1249.99
899.99
979.99
1059.99
1109.99
859.99
649.99
1329.86
1827.82
1886.82
1883.70
958.86
749.99
849.99
849.99
799.99
2099.85
899.99
884.99
1393.02
589.68
1105.86
585.95
1314.99
1354.99
1444.99
1464.99
949.99
874.99
1024.99
1114.56
611.82
2309.47
1198.95
762.95
850.15
1009.99
669.42
624
974.99
765.82
647.82
854.85
1471.49
1473.82
1580.49
1494.99
942.82
1299.03
743.99
1303.20
778.70
599.99
1298.70
929.85
729.99
1494.99
824.85
795.99
1483.86
966.42
1498.20
1498.20
1444.81
599
529.99
2099.99
1027.81
726.66
1099.99
1219.99
999.99
949.99
949.99
1019.99
949.99
879.99
969.99
949.99
899.99
839.99
1569.59
2179.99
1809.39
824.85
935.86
1532.82
1178.82
1532.82
999
1079.99
1577.91
1149.99
829.99
1199.99
749.99
829.99
2087.28
929.99
999.99
1279.99
919.99
1947.31
2021.32
2747.59
2901.49
2901.49
2829.67
2655.25
3106.69
3281.11
1993.20
3558.13
1054.92
1502.14
1867.94
4183.99
2132.26
1721.62
2240.82
2024.85
1695.66
2830.82
2937.02
2358.82
5655.74
2594.82
2399.85
2849.85
2593.20
1742.11
1431.34
1019.85
1464.38
2279.85
1844.71
2099.85
2717.54
2275.04
1844.71
1172.92
1882.10
2624.85
2665.51
2460.31
2973.31
2973.31
1814.84
2399.85
1532.82
2478.00
1957.62
2710.46
3181.28
2914.60
1916.32
1915.71
2549.85
1296.82
1318.06
2506.32
1768.82
3398.40
3912.88
1829.00
2211.32
2699.85
3744.14
2599.99
1434.88
1949.96
2338.70
3516.40
3547.08
2708.10
3184.82
1532.82
2009.85
2122.82
2349.38
2350.56
2712.82
3573.70
1659.08
3509.32
3315.80
2221.94
1988.30
1772.36
1473.82
3184.82
2802.50
2632.58
1532.82
1819.96
2240.82
1689.96
2404.99
2410.74
1886.82
2915.78
2264.42
1650.82
3060.92
2004.82
1677.00
3399.58
2765.92
4054.48
2803.20
4718.82
1650.82
6724.82
2830.82
4917.06
7064.66
1886.82
1886.82
1792.70
2014.99
1747.58
1296.82
3774.82
2358.82
2238.46
2174.85
1604.85
2165.30
2703.99
1945.82
2514.58
2417.82
2476.82
1454.70
1379.85
2839.08
2889.47
3105.76
2808.40
4333.20
1768.82
2099.85
1184.85
1711.00
2584.20
4220.86
2806.04
1469.85
2827.28
2034.32
1574.85
3383.28
1060.82
2249.85
2375.28
1438.56
1499.85
1655.28
1870.56
2099.70
2416.70
1439.28
2358.42
2549.85
2734.56
3238.56
3057.84
3490.56
2249.70
2072.16
4499.85
2490.48
1223.28
1844.85
2699
4199.85
1799.95
2399.85
1799
1886.82
1886.82
1099
1499
1229.02
3224.85
1149
1499.85
2338.70
1532.82
3149.85
2939.85
1050
1149.95
1423.65
834.7
2692.81
1214.95
1349
1329.9
2099.85
1304.85
2549.99
1014
1314.99
1254.99
1403.53
1199.85
1754.85
1650.82
1739.85
2699
1947.31
719.85
1249.99
1099.99
2999.99
2199.99
2051.99
1735.99
1199.99
2099.99
1597.99
2799.99
2499.99
2099.99
1757.99
1999.99
1944.90
1099.99
1623.70
2549.99
2199.99
2849.99
1199.99
2039.99
2975.29
1849.99
1129.99
1149.99
1099.99
1199.99
1249.99
1299.99
2299.99
1939.99
2079.99
1799.85
1727.70
3638.70
1948.70
2533.70
1948.70
1199.85
999.99
1029.99
929.99
899.99
999.99
1119.99
1199.99
1099.99
1099.99
1579.99
1499.99
1599.99
1449.99
2375.28
1439.28
1835.28
863.27
1727.27
992.87
1031.22
1000.80
3002.50
2617.55
3310.47
4448.24
2463.56
1650.82
2122.82
3892.82
2535.82
2122.82
3125.82
3361.82
2179.08
2723.96
3058.20
2983.20
1688.70
929.99
1299.99
1669.99
2249.85
4333.20
1762.37
1768.82
1403.53
2039.70
2099.85
949
2338.70
1459.99
2399.99
2299.99
2468.70
1819.94
2729.94
2617.55
1655.57
1331.71
4132.69
3871.82
6123.13
2800.98
809.99
1049.99
1669.99
1719.99
1399.99
979.99
1199.99
1999.99
1451.27
1079
1949
1392.56
1496.57
1912.66
2110.23
2179.99
3814.89
2724.95
1634.95
1416.95
1525.89
2397.95
1307.95
2288.95
2009.85
1500.96
1177.64
1816.02
1739.85
1669.99
1414.82
1899.99
1569.99
2352
3871.82
6123.13
1947.31
1642.17
1099.97
2290.20
1605
1799.85
1069.99
1239.99
1229.99
2506.95
2004.82
2028.42
1246.95
1496.60
1161.99
1532.82
1768.82
1495.20
1469.86
1214.99
1365.00
2328.73
1499
1599.99
1149.99
3574.99
1532.82
2802.50
1886.82
1650.82
2004.82
1886.82
2004.82
1532.82
2358.82
1768.82
1650.82
2122.82
1650.82
939.99
2099.99
2615.99
1178.82
116.82
3079.99
1579
1500
896
2397.95
1677.96
2937.02
2594.82
1766.46
1902.16
2374.56
1948.70
1599.99
1199.99
1799.99
1199.99
1634.95
1959.86
1289
3248.70
2712.82
1818.70
1599.99
2199.99
2399.85
2549.85
1949
2549
1289.99
1584.00
4104.00
2520.00
3096.00
3150.00
3726.00
2520.00
1088.99
5616.00
1782.00
1530.00
2520.00
6120.00
1872.00
2358.00
3978.00
4608.00
2844.00
2574.00
1782.00
1638.00
1980.00
3132.00
2844.00
2967.63
1549
1199.99
3313.70
3054.94
1599
1259.86
2379.99
2699.85
1549
2488.20
1890.00
3438.00
3420.00
4266.00
3474.00
2916.00
4212.00
2790.00
3312.00
3816.00
4572.00
2160.00
3942.00
4896.00
4608.00
3186.00
2682.00
4122.00
2574.00
1908.00
3204.00
2466.00
2232.00
2682.00
5418.00
4842.00
4104.00
4734.00
3942.00
1532.82
1948.20
2830.82
1249.99
1724.85
1889.86
1634.95
2724.95
2288.95
2196.00
2520.00
2412.00
1998.00
3024.00
2844.00
1644.92
2520.00
1649.85
2549.85
2549.85
3524.85
973.20
1106.85
1896.01
1178.82
4086.00
1663.96
1768.82
1945.82
3358.95
2256.29
2639.85
1799.85
2924.85
1724.85
1799.85
1947.31
1650.82
1650.82
2308.20
1449.99
1694.94
1039.99
1030.14
2099.99
1399.99
1599.99
1818.70
3239.28
1580.45
2847.34
799
2983.20
3871.20
1629.99
2142.00
2106.00
3852.00
1644.50
999.99
3573.70
1886.82
1949
1339
2099.85
2668.96
911.40
1679.86
1688.70
1144.00
1599.99
2803.20
2858.70
1889.86
2260.88
2358.82
2487.44
1129.99
1629.99
2858.70
1931.66
1419.99
1879.99
1859
1959
1274.85
2099.85
3179.85
1018.84
2519.99
1358.97
836.82
836.82
4499.85
829.99
1035.31
3588.91
3639.99
1449
4408.95
1999
1099
1929
1399
959.85
699.99
1199.99
949.99
1019.99
1049.85
1322.86
639.99
759.99
1322.86
4009.57
3558.13
3532.92
3396.04
3173.02
3393.68
2709.28
3902.26
3951.82
1998.92
2695.12
2476.82
2706.92
4468.66
3379.99
2409.56
4467.48
4620.88
3642.66
3501.06
4054.48
5753.68
5483.46
2913.42
3089.24
3137.62
3139.98
3899.99
2999.85
4103.28
2699.85
3749.85
3899.85
3449.85
1349
1199
2999
2999
5399.85
4349.85
3599.85
1299
919.99
899
1199
5589.94
1049
3539.85
2149
1299
1499
1449.97
1949.85
1739.85
1754.85
2912.15
3499.99
1399.99
2279.99
1549.99
3914.72
2149.99
1999.99
1473.82
2941.96
3075.91
1598.99
2739.99
1189.99
1299.99
1699.99
1499.99
1799.99
1451.86
3149
1999
5699
4999.99
1549
1949
1099.99
3139.19
2506.99
1499
2999.85
1379
1789
2712.82
2889.82
2349.99
1499.99
1399.99
1449.99
2149
1849.99
1949.99
1499
1998
2211.86
1310.81
2149.99
1699.99
1899.99
2449.99
2249.99
2099.99
3149.99
1599
3799.99
1419.99
979
2049
2358.82
1532.82
3892.82
5122.95
3149.85
2349.99
649.99
1269.99
4032.95
5122.95
6212.95
3878.66
1424.99
3870.00
1798.9
2398
1441.99
4572.00
2088.00
4914.00
4284.00
2349
1849
2699.99
1899
1399
2934.00
3186.00
3456.00
3150.00
5292.00
4572.00
2466.00
4896.00
5616.00
3528.00
2646.00
3708.00
3006.00
1664
4799.85
1689
2654.19
5616.00
5040.00
3168.00
3449.85
3749.85
1094.99
3798.00
2299
749.99
3599.28
3023.28
2999.99
1299
2299
1849
1299
1649
1699
1649.99
1999.99
1799.99
863.28
805.67
863.27
1367.27
914.85
1199.85
1001.83
2728.70
1099.99
1948.70
2143.70
2923.70
1689
2069
1979
3393.68
1499.99
1899.99
1269
1599.99
1959
2449.86
2299.99
2615.95
869.99
397.30
1199
899
899
869
1103.70
437.85
686.85
749.85
908.70
836.82
846.75
588.82
846.75
434.70
629
469
413.82
460
1233.70
704.85
1217.86
749.85
824.85
1249
824.85
1497.42
1280.30
1079
679
849.99
899.99
929.99
844.99
904.99
1004.99
809
799
2488.32
2693.57
1799.28
1899
899
1836.94
2999.99
1999.99
5022.00
5346.00
1709.82
2086.00
1949.85
762.95
909.99
989.99
1174.99
889.99
1184.85
2244.85
2008.87
974.85
1049.85
1199.85
1131.62
838.98
1816.02
1064.85
1018.34
712.62
1303.90
1034.85
1229.85
1169.85
1379.85
1711.00
1019.85
1414.82
1724.85
2315.16
1783.20
974.85
2233.20
989.85
1178.82
1327.50
1445.50
1328.68
1217.76
1609.52
1640.20
1420.72
1296.82
944.85
1334.58
1532.82
2403.70
1178.82
1293.28
1384.14
1414.82
1445.50
1218.94
1408.91
1646.10
1178.82
1768.82
1808.94
1110.38
1163.50
1355.82
1591.82
2128.20
2038.20
4199.62
3114.02
1241.19
2188.90
1532.82
2535.82
1874.95
1709.82
1292.10
1004.85
2829.64
1767.64
1469.85
2079.99
1349.25
1294.56
2209.99
1149.84
2158.56
1178.82
1653.84
489
1079
1099.97
1688.70
999
1304.85
813.95
1634.85
1686.15
1099
849.99
1274.85
944.85
1169.85
1499.85
1799.85
1019.85
1311.19
1299
1699
2099
1742.11
1947.31
1428.70
1099.99
1019.99
1424.85
944.85
1498.20
1414.82
689.85
989.99
778.70
1349.99
1149.99
1549.99
959.85
1648.20
959.99
1149.99
1139.99
1154.55
944.85
1149.99
1688.70
1599.99
1399.99
579.99
979.98
829.99
799.99
1299.99
1949.99
805.68
863.27
1367.28
755.82
959.22
797.22
874.62
2617.55
2617.55
1001.83
1169.85
2476.83
3007.82
3125.82
925.93
2183.86
3122.46
3420.29
1025.81
2469.81
933.66
1688.70
1428.70
1428.70
799.99
919.99
1039.99
749.99
889.99
919.99
909.99
1119.99
1219.99
1739.99
1199.99
1549.99
1629.99
1879.99
2279.99
657.36
941.22
1414.82
1311.19
1294.56
2072.16
2490.48
987
2209.99
1199.85
1149.99
1689.99
1559.99
2339.94
2155.60
1633.81
1994.81
1539.99
829.99
1089.99
969.99
899.99
1149.99
1279.99
1589.99
1774.99
989.99
849.99
1634.99
1098.71
2179.99
1471.49
1209.89
2081.89
2997.49
1765.79
1253.49
1046.39
1852.95
1634.95
1634.95
1743.95
1961.95
1035.45
980.95
1144.45
980.95
1307.95
1525.95
1743.95
1089.95
1852.95
1886.82
1269.99
1664.99
1814.99
1924.99
611.82
671.22
1150.50
1190
1398.99
1636.70
959.85
801.22
2122.82
2468.70
1299.99
2299.82
2124.85
1198.89
1079
1140.86
4129.86
5879.86
3990.00
1299.99
1818.70
683.82
1189.99
1049.85
1519.99
1249.99
1178.82
1414.82
1834.90
1532.82
1532.82
1025.42
1383.01
1019.85
1699.99
1549.99
1734.99
1774.99
1864.99
883.99
1385.86
1199
2658.04
1049.85
1494.28
1079.27
755.27
719.82
1761.84
1471.49
1949.85
1199.99
1169.99
1279.99
1709.99
2322.00
2268.00
1692.00
1620.00
2196.00
1757.73
1538.81
1785.81
999.99
3149
1849
1469.86
1070.86
1399.99
1236.60
1890.00
1579.99
1744.99
1764.99
665.82
1967.38
980.95
1007.86
899.99
979.99
919.99
949.99
874.99
924.99
1024.99
755.82
912.14
4199.85
3599.85
1169.85
824.99
949.99
1852.31
2878.31
1416.45
1179.99
929.99
904.99
1004.99
1178.82
1349
656.13
1688.70
2118.31
1416.45
1573.95
3294.00
813.02
942.82
899.99
1063.81
1438.42
1049.85
969.99
820.98
999.99
1532.82
2231.28
2209.99
1414.82
791.82
1710.00
1029
2254.00
779.99
1634.99
1559.99
1679.99
1994.81
829.99
1236.60
3299.85
849.99
749.99
735
899
1099.99
1034.85
1179.99
1449.99
879.99
3399.99
3386.60
2948.82
2669.97
3784.26
5922.42
4350.66
3925.86
3642.66
3501.06
7772.66
7631.06
5426.82
2621.96
3066.82
2849.85
1949.85
5999.85
4124.85
3499.99
3066.82
2999.99
2728.70
3249.99
2849.99
4049.99
2799.99
1599.99
2499.99
2807.27
3302.82
3774.83
3051.36
3093.86
3893.67
3066.82
2621.96
3814.99
2833.95
3749
2899.62
2630.22
2999.99
3060.00
3636.00
1599.99
1399.99
3898.70
3898.70
4101.91
4348.15
3896.71
5251.03
4199.85
3899.99
3919.96
5898.82
5356.02
3118.70
5058.66
8339.06
6191.46
4067.46
4012.00
4499.85
5999.70
5489.85
4949.85
3999.99
4246.82
3949.99
3999.99
4479.99
4103.28
6159.14
4364.82
4718.82
4659.82
3377.96
3922.96
4288.70
4613.70
3007.82
3999.99
2999.99
4399
3923.95
6999.99
4686.95
3899.99
5616.00
4885.86
5292.00
3749.85
4149.99
2599.99
5220.15
4510.71
3857.42
4949.99
2499.99
2129.99
3443.70
2642.99
6624.00
6210.00
5886.00
3538.82
3656.82
3149.54
3158.56
849.99
849.99
949.99
3324.81
1949.85
489.86
699.99
538.86
1060.82
549.99
647.28
929.99
929.99
649.99
849.99
1999.95
1199.99
1199.99
1149.99
1419.99
1169.99
6030.18
1049.99
1650.82
1178.82
1479.99
949.99
1416.95
1009.99
105.02
1322.78
1414.82
1768.82
989.85
1296.82
1414.82
929.99
989.70
1178.82
914.85
1009.99
1532.82
1388.86
1349.99
1899.99
854.70
869.85
699.99
1239.99
1199.99
1199.85
644.85
809.85
968.81
899
839.86
881.86
909.86
899.85
849.99
1139.99
909.99
1139.99
1159.99
1209.99
939.99
899.99
1099.99
999.99
1269.99
949.99
919.99
1237.82
1532.82
699.99
1298.70
1558.70
829.99
999.99
1279.99
1532.82
1178.82
849.99
999.99
1124.85
879.99
729.99
1329.86
1599.99
1650.82
1019.99
1649.85
1049.85
1599.99
819.99
899.85
849.99
1184.85
1059.99
799.99
949.99
979.99
1054.99
1274.99
1534.99
1532.82
1739.85
899.85
1149.99
809.85
869.99
1099.99
1244.85
914.85
1420.17
929.39
968.81
1779.26
1049.99
1149.99
899.85
1179.99
959.85
799.99
769.99
809.99
909.99
989.99
939.99
1019.99
1280.41
914.85
899.85
1282.31
914.85
1090
1178.82
794.70
949.99
2049.99
2849.85
829.99
4522.57
3075.91
4394.85
2948.82
2358.82
3749.85
2099.85
2249.85
2549.85
2474.85
4394.85
5504.85
1999
2199
1559.99
1479.99
1549.99
1469.99
1879.99
2499.99
2149.99
4288.70
1889.99
3199.99
4157.37
5651.00
2374.81
2999.85
3749.85
1499.99
2459.99
1699.99
3857.48
2219.99
1599.99
1369.99
2949.99
1961.99
2699
1649.85
4349.85
5549.85
1886.82
1499.85
2248.20
2998.20
1948.20
1849.99
2579.99
1529.99
1999.99
1579.99
2249.85
1949.85
1699.99
1569.99
1949.85
3073.59
1949.85
4679.99
3379.99
1199.99
2729.86
2659.86
2379.86
3079.86
2237.28
1634.95
1199.99
1947.31
2506.93
2419.99
2299.99
3892.82
2249.85
2159.29
1099.99
2099.85
2699.99
2729.85
1214.85
1538.18
2181.82
1529.62
1399.99
3444.42
3586.02
3727.62
4152.42
4294.02
5002.02
5143.62
2122.82
2399.85
1595.81
1405.81
1690.81
1842.81
4394.85
4522.57
1299.99
2729.85
1399.99
2399.85
1209.99
2199.99
1403.99
1479.99
1774.99
2879.28
3079.86
1399.99
1889.86
2099.86
2729.86
2659.86
2549.85
1244.85
2549.85
2549.85
1149.99
3399
1189.99
1369.99
2049.91
1536.91
1199.85
3538.82
4240.92
1219.99
879.99
1299.99
1742.11
899.99
1429.99
3449.85
1379.99
1899.99
1479.99
2674.99
2419.99
1779.99
1819.99
2399.99
2169.99
1768.82
2294.85
2849.85
2099.85
2399.85
2849.85
1939.99
987.81
1130.31
4289.99
3673.08
3160.08
2129.99
3508.70
1749.99
4069.82
1979.99
3963.70
2189.99
2649.99
4028.70
2899.99
2699.99
2599.99
2499.99
2199.99
3779.86
2499.99
3361.82
3269.95
2999.99
4423.82
4032.95
2999.99
1679.99
4069.82
3869.22
4152.42
4010.82
4294.02
8258.82
5710.02
8117.22
4718.82
2799.99
2799.99
1699.99
1379.99
3095.28
1349.85
1349.85
3923.95
1199.85
1472.31
3147.73
1699.99
1099.99
1069.99
2449.99
2679.99
2299.99
1199
2209.99
2659.99
2999.99
4535.27
2849.85
1399
1699
2099.85
1799.99
3749.85
1499.85
1169.99
1019.99
1244.99
1334.99
1354.99
1999.99
1219.99
1194.99
1294.99
1174.99
1389.99
2712.82
2129.71
2409.49
1799.99
1879.99
1854.99
1954.99
2024.99
2674.99
1827.82
1645.89
999.99
1398.99
1349.99
1768.82
1449.99
1818.70
1548.31
1949.85
1949.85
1139.85
1649.85
2499
1999
1524.99
1554.99
1529.99
1539.86
1354.99
1444.99
1464.99
1429.99
1886.82
979.99
1149.99
1129.99
2999
1184.85
1089.99
1209.99
1269
1896.71
1424.99
1534.99
1199.85
3068.31
3286.81
3600.31
999.99
1019.85
798.00
1349.85
1240.20
987.81
1307.95
1019.85
1649.99
1139.85
2489.85
2894.85
949.99
2849.85
899.99
1069.99
1049.99
1189.99
1419.99
1519.99
1280.41
1874.85
2999.85
1139.85
1485.61
989.99
1399.99
799.99
849.99
879.99
804.99
854.99
954.99
869.99
969.99
1699.99
1244.85
1650.82
1296.82
989.85
1399.86
338.40
404.82
416.00
404.82
414.65
475.86
472.35
549
599.97
649.99
629.85
507.50
345
590.76
492.70
588.82
509.99
499.99
374.85
359.85
388.70
362.70
300.86
419.85
409.99
359.85
300.86
419.85
539.85
411.82
479.55
434.85
464.85
494.85
599.85
569.85
509.85
449.85
689.85
584.85
554.85
539.85
704.85
379.67
568.99
322.81
399.99
539.85
459.61
538.56
419.85
397.35
518.70
414.70
414.70
199.99
479.70
453.70
307.86
287.27
464.85
479.99
435.42
284.81
464.85
790.56
494.85
689.85
494.85
577.35
629.99
790.56
447.22
506.22
524.85
509.85
419.85
629.85
464.85
368.87
385.48
464.85
485.03
509.85
599
195.86
599.85
323.98
344.85
404.85
434.85
461.79
508.20
434.85
258.70
336.70
232.70
323.28
244.39
404.85
479.85
389.85
809.85
579.99
429.99
359.85
329.85
344.85
329.70
431.27
341.81
399.99
284.21
329.22
223.86
429.99
216.35
419.85
769.99
919.99
719.99
739.99
579.99
709.99
639.99
569.99
499.99
849.99
629.99
599.99
819.99
819.99
479.85
419.85
554.85
538.78
577.28
538.78
538.78
539.78
554.85
479.70
453.66
414.70
362.70
366.47
281.59
494.42
435.95
329.99
396.71
654.90
577.04
654.90
629.85
729.99
921.31
515.16
505.04
713.70
479.70
493.81
492.70
615.78
921.31
588.82
453.70
599.85
853.10
419.85
624.22
431.06
529.82
588.82
764.85
541.99
669.99
739.99
519.99
908.70
588.82
706.82
588.82
549
470.82
549.99
539.99
1151.28
1079.28
619.50
809.99
706.82
409.99
689.99
599.99
588.82
759.99
799.99
1007.27
699.99
949.99
742.22
869.99
942.82
1230.74
1880.92
1990.66
2001.28
2239.64
2684.89
1060.82
1429.99
1060.82
1222.63
1650.82
699
1299.99
1149.99
899.99
1948.70
1399.99
1279.99
1249.99
2279.99
1089.99
1099.99
1499.99
1219.99
1149.99
1399.99
1488.99
599.99
1439.28
1295.27
1916.34
2085.99
819.99
1019.99
649.97
820.02
2079.99
1289.73
2043.86
1178.82
1101.45
1178.82
1414.82
1178.82
1414.82
1398
1129.99
1499.85
1499.85
1499.85
1499.85
2208.70
1529.99
1299.99
499
849
1099.99
999.99
719.85
824.82
879.99
1299.99
1599.99
2388.99
2299
2419
1149
999
1579.99
569.99
599
599.88
1549.99
619.99
1209
849.99
899.99
844.99
1004.99
829.99
549.99
615.78
379
653.95
1077.86
1057.00
1057.00
539.85
869.99
969.99
819.99
819.99
764.99
824.99
924.99
885.00
908.70
896.80
836.61
908.21
556.96
824.82
829.54
1272.73
499
896.1
699
745
795.87
794.85
884.85
749.85
794.85
1019.85
799.99
599.99
699.99
824.85
899.85
1060.82
899.99
949.99
1558.70
1129.99
713.70
599.99
1363.70
799.99
619.99
916.86
919.21
1038.70
1558.70
524.85
979.99
1049.99
1079.99
1004.99
1054.99
1154.99
1053.33
871.99
689.85
609.99
611.82
599.55
916.86
1060.82
1274.99
1499.99
824.82
849.99
1233.70
1198.93
1049.85
1000
755.86
959.99
974.85
829.99
859.99
834.99
934.99
419.86
749.70
765.82
1149.99
836.62
1624.99
779.99
985.30
1118.60
799
999.99
1007.27
575.28
749.85
719
3499.99
4199.99
4003.38
3361.82
4836.82
5308.82
5721.82
5367.82
3538.82
1099.99
5249.82
599.99
839
497.99
6775.07
6484.37
6758.70
1149
999
433.69
6238.70
7799.99
2799.99
824.82
883.82
699.86
852.46
1307.95
1416.95
980.95
490.36
629.99
706.64
650.85
1077.82
871.93
755.86
764.85
899.85
1126.51
727.57
788.55
1104.99
1104.99
1118.60
1077.86
1057.00
945.00
559
749
4274.85
5099.85
3683.44
1789
5198.70
2519.27
3599.27
4274.85
3774.82
2358.82
2023.01
3205.35
7964.85
3199.99
3049.99
3049.99
939
2925.51
7698.96
3324.99
3344.99
3434.99
9406.96
9438.82
9417.58
7179.91
4655.10
7499.85
3829.99
2299.99
3899.99
2948.82
3951.82
4659.82
3715.82
3420.82
4895.82
5662.82
3394.99
3459.99
3484.99
4659.82
6119.48
5308.82
6134.82
7499.85
5999.85
9438.82
7015.10
6134.82
6499.99
10499.85
10049.85
7799.99
6499.99
4209.99
6109.99
5299.99
5039.27
8173.96
8578.70
7003.30
8719.99
8449.99
3199.99
7015.10
6134.82
4718.82
11999.85
10049.85
11999.85
6498.70
10264.82
7674.48
7799.99
6479.27
5101.19
1979.99
6775.07
2978.06
4151.31
4692.81
6136.81
2099.85
2999.85
6102.00
